221.612	31	0	0	1	0.865381	0	0	
223.498	31	0	0	1	0.858076	0	0	
253.853	38	0	0	1	1.6467	1	0	
334.542	55	0	0	2	1.24953	1	0	
350.078	58	0	0	1	1.46758	1	0	
363.677	64	0	0	2	1.41271	1	0	
461.827	85	20	0.235294	2	1.11247	1	0.508772	
486.941	93	27	0.290323	2	1.05509	1	0.530037	
514.716	99	27	0.272727	2	0.998161	1	0.501436	
644.367	125	27	0.216	2	0.797323	0	0.834617	
718.928	133	27	0.203008	1	1.22531	1	0.748058	
719.825	133	27	0.203008	0	1.91145	1	0.747126	
818.835	158	27	0.170886	2	1.68032	0	0.860012	
819.788	158	27	0.170886	2	1.67837	0	0.859012	
848.856	167	34	0.203593	1	1.75455	2	0.829596	
875.507	170	36	0.211765	2	1.70114	1	0.863603	
908.197	181	46	0.254144	2	1.63991	1	0.867806	
959.824	188	52	0.276596	2	1.5517	1	0.863726	
986.453	193	56	0.290155	2	1.50981	1	1.0046	
1021.26	200	62	0.31	2	1.45835	1	1.01949	
1085.45	207	68	0.328502	2	1.37211	1	1.01497	
1221.65	228	88	0.385965	1	1.52138	2	0.901821	
1304.39	242	101	0.417355	1	1.48771	2	0.844615	
1445.5	265	123	0.464151	1	1.43808	2	0.762165	
1452.74	265	123	0.464151	0	1.92525	2	0.758364	
1519.26	275	131	0.476364	1	1.86513	2	0.72516	
1674.78	314	169	0.538217	2	1.69193	1	1.06501	
1721.62	328	169	0.515244	1	1.76266	1	1.03604	
1829.2	344	169	0.491279	1	1.86268	1	0.975107	
1861.67	351	169	0.481481	1	1.90455	1	0.958101	
1893.86	355	169	0.476056	2	1.87217	0	1.36678	
1900.87	356	169	0.474719	1	1.89968	0	1.36174	
1962.77	365	169	0.463014	2	1.83977	0	1.3188	
1990.77	369	169	0.457995	1	1.85864	1	1.30025	
2078.18	386	169	0.437824	2	1.78047	0	1.30056	
2139.78	393	169	0.430025	1	1.79529	0	1.26312	
2245.69	412	169	0.410194	1	1.7575	0	1.20355	
2298.83	425	169	0.397647	1	1.89961	0	1.17573	
2338.46	432	169	0.391204	1	1.90443	0	1.1558	
2387.4	452	169	0.373894	2	1.8654	0	1.13211	
2506.68	468	169	0.361111	1	1.85774	1	1.07824	
2537.18	472	169	0.358051	2	1.83541	0	1.12387	
2554.19	476	169	0.355042	2	1.82319	0	1.11639	
2558.87	476	169	0.355042	1	1.83778	0	1.11435	
2702.98	501	169	0.337325	2	1.73979	0	1.05493	
2703.42	501	169	0.337325	2	1.73951	0	1.05476	
2745.22	509	169	0.332024	2	1.71303	0	1.05076	
2781.08	513	169	0.329435	2	1.69094	0	1.03721	
2870.86	533	169	0.317073	2	1.63806	0	1.0349	
2976.47	558	169	0.302867	2	1.57994	1	0.998176	
3039	564	169	0.299645	1	1.77792	1	0.977639	
3088.36	570	169	0.296491	2	1.7495	0	1.02988	
3106.4	575	169	0.293913	2	1.73934	1	1.0239	
3158.04	585	178	0.304274	1	1.89932	2	1.00716	
3233.64	601	193	0.321131	1	1.91153	2	0.983614	
3237.76	603	194	0.321725	1	1.90937	2	0.982361	
3245.04	604	194	0.321192	1	1.90673	2	0.980159	
3278.01	611	200	0.327332	1	1.89721	2	0.970299	
3291.64	616	204	0.331169	2	1.88936	1	1.02252	
3345.61	627	214	0.341308	1	1.91348	2	1.00603	
3354.51	631	217	0.343899	2	1.9084	1	1.02065	
3388.45	638	223	0.34953	2	1.88929	1	1.09862	
3410.61	641	225	0.351014	2	1.87701	1	1.10631	
3484.9	658	225	0.341945	2	1.837	1	1.08273	
3503.19	660	225	0.340909	1	1.88988	1	1.07708	
3513.02	662	225	0.339879	1	1.88604	1	1.07406	
3528.8	668	225	0.336826	2	1.8776	0	1.10849	
3663.11	700	225	0.321429	1	1.89508	1	1.06785	
3672.25	701	225	0.32097	1	1.93313	1	1.06519	
3704.58	703	225	0.320057	1	1.91719	1	1.05589	
3780.24	720	225	0.3125	2	1.87883	0	1.10125	
3801.93	728	225	0.309066	2	1.8681	1	1.09496	
3867.64	741	225	0.303644	2	1.83636	0	1.09826	
3913.26	749	225	0.300401	2	1.81496	0	1.08546	
4054.61	781	225	0.288092	1	1.83757	1	1.04762	
4091.44	786	225	0.28626	1	1.82214	1	1.03819	
4162.6	801	225	0.280899	1	1.80734	1	1.02044	
4173.4	806	225	0.279156	1	1.80493	1	1.0178	
4186.07	808	225	0.278465	2	1.79947	0	1.07982	
4226.15	812	225	0.277094	1	1.9155	1	1.06957	
4247.44	814	225	0.276413	1	1.92244	1	1.06421	
4260.29	815	225	0.276074	1	1.92173	1	1.061	
4274.4	820	225	0.27439	1	1.91808	1	1.0575	
4276.71	822	225	0.273723	1	1.91754	1	1.05693	
4303.96	824	225	0.273058	2	1.9054	1	1.05024	
4333.48	829	229	0.276236	1	1.90501	2	1.04308	
4355.24	830	229	0.275904	2	1.89549	1	1.04959	
4382.53	832	229	0.27524	2	1.88368	1	1.04305	
4429.63	842	229	0.271971	2	1.86366	0	1.08649	
4474.07	848	229	0.270047	1	1.8944	0	1.0757	
4601.9	881	229	0.259932	2	1.84178	0	1.04582	
4611.53	883	229	0.259343	1	1.86762	1	1.04364	
4627.13	886	229	0.258465	2	1.86132	0	1.04553	
4739.25	916	229	0.25	2	1.81729	0	1.04431	
4764.44	921	229	0.248643	2	1.80768	1	1.03879	
4772.99	923	230	0.249187	1	1.83658	2	1.03692	
4784.11	924	230	0.248918	2	1.83231	1	1.04375	
4802.58	930	235	0.252688	2	1.82526	1	1.04742	
4854.39	944	248	0.262712	2	1.80578	1	1.0469	
4980	969	272	0.280702	1	1.88854	2	1.02049	
5047.19	975	277	0.284103	2	1.8634	1	1.0588	
5228.71	1011	277	0.273986	2	1.79871	0	1.09012	
5242.97	1013	277	0.273445	1	1.84159	1	1.08715	
5405.11	1049	277	0.264061	1	1.81276	1	1.05454	
5421.48	1054	277	0.262808	1	1.80877	1	1.05136	
5434.65	1055	277	0.262559	1	1.80605	1	1.04881	
5499.1	1069	277	0.259121	2	1.78488	0	1.08538	
5541.37	1076	277	0.257435	2	1.77127	1	1.0771	
5549.87	1078	278	0.257885	2	1.76856	1	1.08412	
5679.55	1091	290	0.265811	2	1.72817	1	1.08367	
5707.38	1096	294	0.268248	2	1.71975	1	1.08316	
5719.75	1096	294	0.268248	2	1.71603	0	1.10967	
5828.12	1112	294	0.264388	1	1.75135	1	1.08904	
5870.68	1117	294	0.263205	2	1.73865	0	1.10622	
5923.1	1130	294	0.260177	2	1.72327	0	1.10439	
5953.79	1134	294	0.259259	1	1.912	1	1.0987	
5981.2	1138	294	0.258348	2	1.90324	1	1.09366	
5992.76	1138	294	0.258348	1	1.90518	1	1.09155	
6012.3	1142	294	0.257443	1	1.9264	1	1.088	
6012.55	1142	294	0.257443	0	1.92905	1	1.08796	
6015.36	1144	294	0.256993	1	1.92859	1	1.08745	
6021.03	1145	294	0.256769	2	1.92677	0	1.10152	
6115.14	1163	294	0.252794	1	1.91338	1	1.08457	
6130.86	1167	294	0.251928	1	1.92747	1	1.08179	
6229.66	1184	294	0.248311	2	1.89691	1	1.06463	
6316.57	1206	294	0.243781	2	1.87081	1	1.04998	
6343.73	1210	297	0.245455	1	1.89622	2	1.04548	
6456.9	1229	315	0.256306	2	1.86299	1	1.04862	
6606.74	1246	331	0.26565	2	1.82074	1	1.04684	
6619.21	1251	335	0.267786	1	1.89301	2	1.04487	
6625.25	1253	336	0.268156	1	1.93364	2	1.04392	
6643.16	1256	338	0.269108	2	1.92843	1	1.13466	
6711.63	1265	346	0.273518	1	1.92095	2	1.12308	
6717.04	1266	346	0.273302	1	1.9333	2	1.12218	
6740.47	1270	349	0.274803	2	1.92658	1	1.13788	
6754.94	1276	354	0.277429	1	1.92738	2	1.13544	
6895.56	1300	377	0.29	1	1.90795	2	1.11228	
6907.99	1301	377	0.289777	2	1.90452	1	1.13432	
6935.36	1306	381	0.29173	2	1.897	1	1.17174	
6955.21	1312	381	0.290396	2	1.89159	0	1.17506	
7018.81	1322	381	0.2882	1	1.91798	1	1.16441	
7104.4	1340	381	0.284328	1	1.90588	1	1.15039	
7146.4	1345	381	0.283271	1	1.89978	1	1.14363	
7153.99	1345	381	0.283271	1	1.89777	0	1.16844	
7155.65	1345	381	0.283271	0	1.93242	0	1.16817	
7254.03	1365	381	0.279121	2	1.90621	0	1.15233	
7342.76	1381	381	0.275887	1	1.90681	1	1.1384	
7349.26	1382	381	0.275687	1	1.92963	1	1.1374	
7406.09	1396	381	0.272923	2	1.91483	0	1.14858	
7460.51	1415	381	0.269258	1	1.91648	0	1.1402	
7472.25	1420	381	0.26831	2	1.91347	0	1.13841	
7555.43	1438	381	0.264951	2	1.8924	0	1.12587	
7630.48	1457	381	0.261496	1	1.89586	1	1.1148	
7667.13	1464	381	0.260246	2	1.8868	1	1.10947	
7765.99	1481	397	0.268062	2	1.86278	1	1.12157	
7770.22	1482	397	0.267881	2	1.86177	1	1.12128	
7790.33	1485	399	0.268687	2	1.85696	1	1.12031	
7806.19	1487	399	0.268325	1	1.8755	1	1.11803	
7859.36	1505	399	0.265116	1	1.92743	1	1.11047	
7883.29	1507	399	0.264764	2	1.92158	1	1.1071	
7895.15	1507	399	0.264764	2	1.91869	0	1.13412	
7959.67	1518	408	0.268775	1	1.91445	2	1.12493	
8060.95	1542	431	0.279507	2	1.89039	1	1.13066	
8073.1	1546	434	0.280724	2	1.88755	1	1.13041	
8118.19	1556	443	0.284704	1	1.89588	2	1.12413	
8192.43	1570	456	0.290446	1	1.88742	2	1.11394	
8197.8	1572	457	0.290712	1	1.93305	2	1.11321	
8263.31	1583	467	0.295009	1	1.92553	2	1.10439	
8307.67	1589	472	0.297042	1	1.91959	2	1.09849	
8401	1600	482	0.30125	2	1.89826	1	1.14562	
8452.41	1612	493	0.305831	1	1.91722	2	1.13866	
8469.53	1614	494	0.306072	2	1.91335	1	1.18292	
8494.29	1621	500	0.308452	2	1.90777	1	1.18236	
8525.73	1629	507	0.311234	2	1.90074	1	1.1925	
8558.42	1642	519	0.316078	1	1.92267	2	1.18795	
8614.35	1649	525	0.318375	2	1.91019	1	1.19047	
8631.97	1659	534	0.321881	2	1.90629	1	1.20383	
8697.1	1670	544	0.325749	1	1.90786	2	1.19481	
8752.08	1680	553	0.329167	2	1.89588	1	1.20092	
8813.94	1690	562	0.332544	2	1.88257	1	1.21513	
8879.2	1706	577	0.338218	2	1.86873	1	1.21328	
8993.5	1718	588	0.342258	1	1.90478	2	1.19786	
9054.74	1729	598	0.345865	2	1.8919	1	1.20871	
9081.8	1735	603	0.34755	2	1.88626	1	1.24126	
9141.18	1752	619	0.353311	2	1.87401	1	1.24243	
9232.91	1765	619	0.350708	1	1.91286	1	1.23009	
9236.21	1766	619	0.35051	1	1.93651	1	1.22965	
9390.36	1798	619	0.344271	2	1.90472	1	1.20946	
9423.99	1802	619	0.343507	1	1.91758	1	1.20515	
9444.23	1805	619	0.342936	1	1.93582	1	1.20256	
9469.08	1810	619	0.341989	2	1.93074	0	1.24012	
9628.4	1836	619	0.337146	2	1.89879	0	1.2196	
9633.61	1836	619	0.337146	1	1.91694	0	1.21894	
9644.39	1837	619	0.336962	2	1.9148	0	1.21757	
9666.69	1839	619	0.336596	1	1.91294	0	1.21477	
9670.91	1841	619	0.33623	2	1.91211	0	1.21424	
9716.32	1846	619	0.33532	1	1.93306	0	1.20856	
9716.97	1847	619	0.335138	1	1.93293	0	1.20848	
9774.52	1857	619	0.333333	2	1.92155	0	1.20136	
9837.33	1879	619	0.329431	1	1.92633	1	1.19369	
9905.85	1890	619	0.327513	2	1.913	1	1.18544	
9913.66	1894	622	0.328405	2	1.91149	1	1.19846	
10064.4	1913	622	0.325144	2	1.88286	0	1.19589	
10120.7	1923	622	0.323453	2	1.8724	0	1.18924	
10173.7	1933	622	0.32178	2	1.86264	0	1.18782	
10185	1934	622	0.321613	2	1.86058	0	1.1865	
10236.9	1940	622	0.320619	1	1.90056	1	1.18049	
10437.9	1994	622	0.311936	1	1.92135	1	1.15775	
10439.1	1995	622	0.311779	1	1.92123	1	1.15762	
10494.7	2006	622	0.31007	2	1.91104	1	1.15148	
10499.7	2008	623	0.310259	2	1.91014	1	1.1511	
10524.2	2013	627	0.311475	2	1.9057	1	1.15021	
10607.4	2035	648	0.318428	1	1.92533	2	1.14118	
10664.5	2049	661	0.322596	2	1.91503	1	1.1798	
10864.3	2087	661	0.316723	2	1.87981	1	1.1581	
10895.1	2095	668	0.318854	1	1.90082	2	1.15482	
10909.2	2098	670	0.319352	1	1.94087	2	1.15334	
10909.8	2098	670	0.319352	1	1.94076	1	1.15741	
10938.3	2106	670	0.318139	2	1.9357	0	1.19219	
10957	2110	670	0.317536	1	1.93736	1	1.19015	
11177.2	2173	670	0.308329	2	1.8992	0	1.18798	
11250.3	2187	670	0.306356	1	1.91247	0	1.18027	
11337	2209	670	0.303305	1	1.93526	0	1.17124	
11377.7	2214	670	0.30262	2	1.92833	0	1.16705	
11399	2217	670	0.30221	1	1.9296	1	1.16486	
11571	2251	670	0.297645	1	1.91545	1	1.14755	
11574.5	2251	670	0.297645	0	1.94237	1	1.1472	
11600.4	2255	670	0.297118	2	1.93803	1	1.14464	
11624	2258	672	0.297609	2	1.93411	1	1.16305	
11626.6	2258	672	0.297609	2	1.93367	0	1.16481	
11661.8	2263	672	0.296951	1	1.93401	0	1.16129	
11711	2272	672	0.295775	1	1.93638	0	1.15641	
11725.2	2280	672	0.294737	2	1.93403	0	1.15501	
11844.5	2312	672	0.290657	1	1.92965	0	1.14338	
11889.2	2322	672	0.289406	1	1.92604	0	1.13908	
11893	2323	672	0.289281	2	1.92544	0	1.13872	
11932.2	2333	672	0.288041	1	1.93739	1	1.13498	
11973.6	2343	672	0.286812	1	1.9377	1	1.13105	
11989.4	2344	672	0.286689	1	1.93966	1	1.12957	
11996.3	2346	672	0.286445	1	1.93963	1	1.12891	
12001.7	2347	672	0.286323	1	1.9388	1	1.12841	
12005.3	2349	672	0.286079	1	1.93848	1	1.12807	
12110.4	2378	672	0.28259	1	1.92982	1	1.11827	
12155.1	2387	672	0.281525	2	1.92273	0	1.13564	
12203.3	2403	672	0.27965	1	1.92243	1	1.13115	
12246.5	2412	672	0.278607	2	1.91564	0	1.13462	
12366.7	2433	672	0.276202	1	1.92746	1	1.12359	
12383.3	2438	672	0.275636	2	1.92489	1	1.12209	
12398.5	2442	672	0.275184	1	1.9249	1	1.12072	
12427.8	2449	672	0.274398	1	1.93801	1	1.11807	
12574.2	2481	672	0.270859	2	1.91545	1	1.10505	
12683.4	2496	686	0.27484	1	1.92137	2	1.09554	
12689.7	2497	686	0.27473	2	1.9204	1	1.10407	
12716.4	2504	692	0.276358	2	1.91638	1	1.13871	
13053.2	2573	760	0.295375	2	1.86693	1	1.13495	
13060.7	2575	760	0.295146	1	1.89464	1	1.1343	
13165.7	2601	760	0.292195	1	1.88747	1	1.12525	
13221.1	2606	760	0.291635	2	1.87957	0	1.16063	
13230.5	2607	760	0.291523	2	1.87823	0	1.1598	
13302.3	2616	760	0.29052	1	1.93359	1	1.15354	
13348	2628	760	0.289193	2	1.92697	0	1.15838	
13357.2	2631	760	0.288864	1	1.93765	1	1.15759	
13430.8	2645	760	0.287335	2	1.92703	0	1.15713	
13479.5	2656	760	0.286145	1	1.93302	0	1.15295	
13531.1	2668	760	0.284858	1	1.93807	0	1.14855	
13639.4	2686	760	0.282949	1	1.93439	0	1.13943	
13672	2696	760	0.281899	2	1.92978	0	1.13672	
13685	2702	760	0.281273	2	1.92795	1	1.13564	
13769.1	2716	773	0.28461	1	1.92542	2	1.1287	
13769.3	2716	773	0.28461	1	1.92538	1	1.13555	
13794.8	2719	773	0.284296	1	1.92367	1	1.13345	
13865.8	2738	773	0.282323	2	1.91382	1	1.12765	
13882.2	2743	777	0.283266	2	1.91156	1	1.12723	
13909.2	2751	777	0.282443	2	1.90784	0	1.14106	
14052.4	2776	777	0.279899	2	1.88841	0	1.12944	
14151	2793	777	0.278195	2	1.87525	1	1.12157	
14154	2793	777	0.278195	2	1.87484	0	1.12826	
14262.6	2818	800	0.283889	2	1.86057	1	1.12704	
14283.2	2821	800	0.283587	2	1.85789	1	1.12542	
14289.9	2822	800	0.283487	1	1.8916	1	1.12489	
14339.9	2833	800	0.282386	1	1.94108	1	1.12097	
14426.2	2848	800	0.280899	1	1.93487	1	1.11427	
14442.3	2850	800	0.280702	1	1.93315	1	1.11302	
14464.5	2854	800	0.280308	2	1.93019	0	1.13217	
14597.9	2879	800	0.277874	2	1.91254	1	1.12183	
14632.7	2880	800	0.277778	1	1.92065	1	1.11916	
14687.2	2893	800	0.27653	1	1.94053	1	1.11501	
14704.7	2896	800	0.276243	1	1.94239	1	1.11368	
14732.2	2903	800	0.275577	2	1.93875	0	1.12956	
14798.4	2925	800	0.273504	1	1.93637	0	1.12451	
14812.1	2926	800	0.273411	1	1.94291	0	1.12347	
14924.2	2950	800	0.271186	2	1.92831	0	1.11503	
14933.8	2955	800	0.270728	1	1.93522	1	1.11432	
15079.8	2984	800	0.268097	1	1.92529	1	1.10353	
15090	2988	800	0.267738	2	1.92399	1	1.10278	
15131.4	3001	812	0.270576	2	1.91873	1	1.11342	
15165.9	3007	812	0.270037	1	1.93837	1	1.11089	
15173.1	3009	812	0.269857	2	1.93745	0	1.11575	
15200.7	3010	812	0.269767	2	1.93393	0	1.11373	
15213.3	3011	812	0.269678	2	1.93233	0	1.11358	
15227.8	3013	812	0.269499	2	1.93049	1	1.11252	
15357.8	3030	812	0.267987	1	1.9264	1	1.1031	
15367.6	3031	812	0.267898	2	1.92517	1	1.10239	
15385.1	3033	813	0.268051	2	1.92298	1	1.1123	
15464.7	3051	813	0.26647	2	1.91308	1	1.10657	
15496.6	3054	813	0.266208	1	1.91806	1	1.10429	
15524.6	3062	813	0.265513	1	1.91628	1	1.1023	
15552.3	3066	813	0.265166	1	1.94319	1	1.10033	
15561.6	3067	813	0.26508	1	1.9422	1	1.09968	
15590.6	3071	813	0.264735	1	1.93991	1	1.09763	
15645.3	3086	813	0.263448	1	1.9408	1	1.09379	
15781.4	3113	813	0.261163	2	1.92407	0	1.10965	
15863.5	3136	813	0.259247	1	1.92758	1	1.1039	
15909.8	3140	813	0.258917	1	1.94184	1	1.10069	
16049.9	3166	813	0.256791	1	1.93595	1	1.09109	
16092.5	3172	813	0.256305	1	1.9333	1	1.08819	
16110.9	3178	813	0.255821	2	1.93109	1	1.08695	
16167	3191	813	0.254779	1	1.94017	1	1.08318	
16224	3205	813	0.253666	2	1.93335	1	1.07937	
16257.4	3214	821	0.255445	1	1.93491	2	1.07715	
16402.4	3241	847	0.261339	2	1.9178	1	1.10526	
16421.8	3246	851	0.262169	1	1.92492	2	1.10395	
16519.9	3263	867	0.265706	2	1.91349	1	1.11531	
16543.6	3267	870	0.266299	1	1.93797	2	1.11371	
16703.2	3304	906	0.274213	2	1.91945	1	1.12103	
16732.3	3308	909	0.274788	2	1.91611	1	1.12057	
16768.1	3313	909	0.274374	1	1.93222	1	1.11818	
16781.3	3316	909	0.274125	1	1.93145	1	1.1173	
16858.2	3328	909	0.273137	2	1.92264	0	1.13203	
16963.5	3355	909	0.270939	1	1.92136	0	1.125	
16974.9	3358	909	0.270697	1	1.94521	0	1.12425	
17002.7	3363	909	0.270294	1	1.94427	0	1.12241	
17004	3363	909	0.270294	1	1.94412	0	1.12233	
17043.3	3371	909	0.269653	1	1.94348	0	1.11973	
17128.4	3390	909	0.268142	1	1.93847	0	1.11418	
17160.3	3398	909	0.26751	2	1.93486	0	1.1121	
17260.6	3422	909	0.265634	1	1.931	1	1.10564	
17266.5	3423	909	0.265557	2	1.93034	1	1.10527	
17316.3	3436	921	0.268044	2	1.92479	1	1.1049	
17354.8	3440	921	0.267733	1	1.92564	1	1.10244	
17375.5	3443	921	0.267499	1	1.94442	1	1.10113	
17394.3	3446	921	0.267266	1	1.94457	1	1.09994	
17447.5	3455	921	0.26657	1	1.94115	1	1.09658	
17456.6	3455	921	0.26657	1	1.94015	1	1.09601	
17461.4	3456	921	0.266493	1	1.93975	1	1.09571	
17591.1	3477	921	0.264884	2	1.92545	0	1.11191	
17601.5	3482	921	0.264503	2	1.92431	0	1.11125	
17644.9	3492	921	0.263746	2	1.91958	0	1.10852	
17658.6	3495	921	0.263519	1	1.92872	1	1.10766	
17660.7	3496	921	0.263444	2	1.92849	0	1.10827	
17674.8	3498	921	0.263293	2	1.92695	1	1.10738	
17679.7	3499	921	0.263218	2	1.92642	1	1.1073	
17695.3	3505	926	0.264194	1	1.94274	2	1.10632	
17701.7	3507	927	0.264328	2	1.94205	1	1.10823	
17739.9	3513	932	0.2653	2	1.93786	1	1.10799	
17750.6	3515	932	0.265149	1	1.93975	1	1.10731	
17767.5	3521	932	0.264698	1	1.94403	1	1.10626	
17794.6	3529	932	0.264097	1	1.94319	1	1.10457	
17837.7	3536	932	0.263575	2	1.9385	0	1.11065	
17884.7	3546	932	0.262831	1	1.93995	0	1.10773	
17887.6	3546	932	0.262831	1	1.93963	0	1.10755	
18070.9	3579	932	0.260408	2	1.91996	0	1.09632	
18079	3581	932	0.260262	2	1.9191	1	1.09583	
18093	3583	932	0.260117	2	1.91761	1	1.09498	
18096.4	3583	932	0.260117	1	1.9339	1	1.09477	
18106.8	3584	932	0.260045	2	1.93279	0	1.09612	
18110.9	3586	932	0.2599	1	1.93288	1	1.09588	
18131.2	3594	932	0.259321	1	1.94368	1	1.09465	
18273.1	3628	932	0.256891	1	1.93744	1	1.08615	
18360.2	3640	932	0.256044	2	1.92824	0	1.09467	
18386	3649	932	0.255412	2	1.92554	1	1.09314	
18399.7	3652	934	0.25575	1	1.93839	2	1.09232	
18480.3	3668	949	0.258724	1	1.93407	2	1.08756	
18513.2	3677	957	0.260267	1	1.9323	2	1.08563	
18622.9	3705	984	0.265587	2	1.92091	1	1.09191	
18630.9	3705	984	0.265587	1	1.92638	1	1.09145	
18643.2	3707	984	0.265444	2	1.9251	0	1.10555	
18800.6	3731	984	0.263736	2	1.90899	0	1.0963	
18804.3	3731	984	0.263736	2	1.90861	0	1.09608	
18871.4	3744	984	0.262821	1	1.91455	1	1.09218	
18983.2	3769	984	0.261077	1	1.90885	1	1.08575	
19042.1	3775	984	0.260662	1	1.94332	1	1.08239	
19043.5	3776	984	0.260593	2	1.94317	0	1.09483	
19052.4	3777	984	0.260524	1	1.94278	1	1.09433	
19054.2	3779	984	0.260386	1	1.94611	1	1.09422	
19101.1	3793	984	0.259425	2	1.94133	1	1.09154	
19103.4	3794	984	0.259357	1	1.94365	2	1.0914	
19116.1	3795	984	0.259289	1	1.94248	2	1.09068	
19141.5	3803	991	0.260584	1	1.94101	2	1.08923	
19221.3	3816	1003	0.262841	1	1.93656	2	1.08471	
19280.3	3826	1012	0.264506	2	1.93063	1	1.0906	
19289.6	3827	1012	0.264437	2	1.9297	1	1.09049	
19299.1	3829	1013	0.26456	2	1.92875	1	1.09019	
19311.5	3833	1016	0.265067	1	1.93201	2	1.0895	
19319.9	3834	1016	0.264997	2	1.93116	1	1.10303	
19367.9	3845	1026	0.26684	2	1.92638	1	1.10273	
19429.6	3853	1033	0.268103	1	1.93964	2	1.09922	
19443.9	3857	1036	0.268603	1	1.94469	2	1.09842	
19523.4	3872	1050	0.271178	1	1.94026	2	1.09394	
19526.6	3873	1050	0.271108	2	1.93994	1	1.10533	
19534.5	3878	1054	0.27179	2	1.93916	1	1.10522	
19632.8	3894	1069	0.274525	1	1.93495	2	1.09969	
19685.5	3904	1078	0.276127	2	1.92978	1	1.10426	
19693.5	3905	1078	0.276056	1	1.94231	2	1.10381	
19753.3	3921	1093	0.278755	1	1.9393	2	1.10047	
19792.1	3926	1097	0.279419	1	1.93665	2	1.09831	
19804.2	3927	1097	0.279348	2	1.93547	1	1.10328	
19829	3930	1097	0.279135	1	1.93474	1	1.1019	
19857.8	3935	1097	0.27878	2	1.93194	0	1.12495	
19889.3	3940	1097	0.278426	2	1.92888	0	1.12473	
19943.1	3958	1097	0.27716	2	1.92368	1	1.1217	
19946.6	3958	1097	0.27716	2	1.92334	0	1.12399	
20003.6	3967	1097	0.276531	2	1.91786	0	1.12357	
20055.8	3982	1097	0.27549	2	1.91287	0	1.12311	
20063.3	3984	1097	0.275351	1	1.92343	1	1.12269	
20103.3	3997	1097	0.274456	2	1.9196	1	1.12045	
20305.7	4028	1127	0.279791	2	1.90047	1	1.11908	
20323.6	4030	1128	0.279901	1	1.91129	2	1.11809	
20325.9	4031	1128	0.279831	2	1.91107	1	1.11874	
20374.1	4042	1138	0.281544	2	1.90654	1	1.11841	
20374.8	4042	1138	0.281544	1	1.90891	1	1.11837	
20404.5	4048	1142	0.282115	2	1.90614	1	1.13375	
20410.5	4048	1142	0.282115	1	1.94278	1	1.13341	
20593.8	4085	1142	0.279559	2	1.92549	0	1.13371	
20608	4086	1142	0.279491	1	1.93539	0	1.13292	
20659.2	4095	1142	0.278877	1	1.94191	0	1.13012	
20687.1	4100	1142	0.278537	1	1.94047	0	1.12859	
20713.7	4102	1142	0.278401	2	1.93798	0	1.12714	
20733.9	4105	1142	0.278197	1	1.93797	1	1.12605	
20739.6	4107	1142	0.278062	2	1.93743	1	1.12573	
20749.7	4108	1142	0.277994	1	1.94307	2	1.12519	
20762.5	4109	1142	0.277927	1	1.9431	2	1.12449	
20965.9	4144	1176	0.283784	2	1.92425	1	1.12432	
20993.7	4149	1176	0.283442	1	1.93308	1	1.12283	
20996.9	4149	1176	0.283442	1	1.93278	1	1.12266	
21040	4160	1185	0.284856	1	1.93077	2	1.12036	
21055.4	4165	1189	0.285474	2	1.92936	1	1.13571	
21075.5	4170	1193	0.286091	1	1.94233	2	1.13463	
21076	4170	1193	0.286091	0	1.94389	2	1.1346	
21099	4179	1200	0.28715	2	1.94177	1	1.13532	
21220.1	4198	1218	0.290138	2	1.93069	1	1.13915	
21234.1	4202	1221	0.290576	1	1.9368	2	1.1384	
21305	4219	1237	0.293197	1	1.93355	2	1.13461	
21338.1	4230	1247	0.294799	2	1.93056	1	1.13821	
21357.3	4231	1247	0.294729	1	1.9312	2	1.13719	
21358.6	4231	1247	0.294729	1	1.93109	1	1.14924	
21381.7	4237	1251	0.295256	1	1.94317	2	1.14799	
21474	4258	1271	0.298497	1	1.93981	2	1.14306	
21566.5	4277	1289	0.301379	1	1.93562	2	1.13816	
21619.9	4288	1299	0.302938	2	1.93084	1	1.14702	
21679	4297	1307	0.304166	1	1.93928	2	1.1439	
21757.9	4314	1323	0.306676	1	1.93574	2	1.13974	
21793	4325	1333	0.308208	2	1.93262	1	1.14576	
21813.4	4326	1333	0.308137	1	1.93321	1	1.14469	
21833	4332	1333	0.30771	1	1.94365	1	1.14367	
21858.6	4341	1333	0.307072	1	1.9424	1	1.14233	
21864.8	4343	1333	0.306931	2	1.94184	1	1.142	
22007.9	4367	1333	0.305244	1	1.93593	1	1.13457	
22060.6	4372	1333	0.304895	1	1.94232	1	1.13186	
22171.1	4387	1333	0.303852	2	1.93264	0	1.1635	
22257	4405	1333	0.302611	2	1.92518	0	1.15901	
22258.1	4406	1333	0.302542	2	1.92508	1	1.15895	
22302.7	4417	1343	0.304053	1	1.93378	2	1.15663	
22313.6	4419	1344	0.304141	2	1.93285	1	1.15855	
22338.1	4425	1344	0.303729	1	1.932	1	1.15728	
22441.4	4441	1344	0.302635	2	1.92311	1	1.15195	
22457.2	4445	1347	0.303037	1	1.92703	2	1.15114	
22500.1	4453	1354	0.304065	2	1.92336	1	1.15146	
22502.5	4454	1354	0.303996	2	1.92315	1	1.16224	
22516.3	4455	1354	0.303928	2	1.92198	1	1.16222	
22537.8	4459	1357	0.304328	2	1.92014	1	1.16242	
22539.4	4459	1357	0.304328	1	1.94111	1	1.16234	
22559	4464	1357	0.303987	2	1.93942	1	1.16133	
22598.2	4476	1368	0.30563	2	1.93606	1	1.16291	
22605.5	4478	1369	0.305717	2	1.93543	1	1.16264	
22615	4481	1371	0.305958	1	1.93761	2	1.16215	
22638.3	4485	1374	0.306355	1	1.93645	2	1.16096	
22664.3	4493	1381	0.307367	1	1.94321	2	1.15962	
22802.2	4520	1407	0.311283	1	1.93864	2	1.15261	
22825.3	4523	1409	0.311519	2	1.93668	1	1.16093	
22844.8	4529	1409	0.311106	1	1.94238	1	1.15994	
22854.7	4533	1409	0.310832	2	1.94154	1	1.15944	
22888.6	4538	1409	0.310489	1	1.94044	1	1.15772	
22939	4544	1409	0.310079	2	1.93618	0	1.17157	
22980.4	4552	1409	0.309534	2	1.93269	0	1.17112	
23001.9	4556	1409	0.309263	2	1.93089	0	1.17002	
23005.6	4556	1409	0.309263	1	1.93939	0	1.16983	
23095.9	4568	1409	0.30845	1	1.93511	0	1.16526	
23176.9	4588	1409	0.307105	2	1.92835	0	1.16119	
23315.2	4614	1409	0.305375	1	1.93425	1	1.1543	
23320.9	4616	1409	0.305243	1	1.93386	1	1.15402	
23325.7	4616	1409	0.305243	1	1.93346	1	1.15378	
23357.7	4621	1412	0.305562	2	1.93082	1	1.15317	
23374.8	4623	1413	0.305646	1	1.94078	2	1.15232	
23394.2	4626	1415	0.30588	2	1.93918	1	1.16062	
23425.1	4637	1425	0.307311	1	1.9408	2	1.15908	
23433.8	4640	1427	0.307543	1	1.94216	2	1.15865	
23444.9	4642	1428	0.307626	1	1.94161	2	1.1581	
23513.6	4662	1447	0.310382	2	1.93594	1	1.16115	
23524.6	4665	1449	0.310611	2	1.93503	1	1.16094	
23561.1	4670	1449	0.310278	2	1.93203	0	1.16613	
23611.3	4683	1449	0.309417	1	1.9356	0	1.16365	
23618.8	4687	1449	0.309153	1	1.93527	0	1.16328	
23657.9	4692	1449	0.308824	2	1.93207	0	1.16136	
23676.5	4695	1449	0.308626	2	1.93055	0	1.16045	
23744.9	4704	1449	0.308036	2	1.92499	1	1.1571	
23745.7	4704	1449	0.308036	2	1.92493	0	1.15982	
23837.9	4718	1461	0.309665	1	1.92642	2	1.15534	
23935.7	4739	1481	0.312513	2	1.91855	1	1.15847	
24017.2	4752	1481	0.311658	1	1.91935	1	1.15453	
24106.4	4768	1481	0.310612	1	1.91563	1	1.15026	
24162.9	4774	1481	0.310222	2	1.91115	0	1.16466	
24207	4782	1481	0.309703	1	1.91156	1	1.16254	
24219.3	4785	1481	0.309509	1	1.94251	1	1.16194	
24247.5	4791	1481	0.309121	1	1.94192	1	1.16059	
24378.2	4814	1481	0.307644	2	1.9315	0	1.1629	
24420	4823	1481	0.30707	1	1.93518	0	1.16092	
24438.8	4827	1481	0.306816	1	1.94265	0	1.16002	
24528.3	4847	1481	0.30555	1	1.93994	0	1.15579	
24528.5	4848	1481	0.305487	2	1.93992	0	1.15578	
24534.3	4848	1481	0.305487	1	1.93971	0	1.15551	
24554.7	4854	1481	0.305109	2	1.9381	0	1.15522	
24577.8	4857	1481	0.304921	1	1.93799	1	1.15413	
24584.2	4860	1481	0.304733	2	1.93749	0	1.155	
24586.9	4860	1481	0.304733	1	1.93752	0	1.15487	
24620.5	4865	1481	0.304419	1	1.94184	0	1.1533	
24622.7	4865	1481	0.304419	1	1.94167	0	1.15319	
24635.6	4867	1481	0.304294	2	1.94065	0	1.15259	
24646.6	4868	1481	0.304232	1	1.94202	1	1.15208	
24650.3	4870	1481	0.304107	1	1.94269	1	1.1519	
24678.6	4872	1481	0.303982	1	1.9417	1	1.15058	
24709.8	4879	1481	0.303546	2	1.93926	0	1.15209	
24772.9	4891	1481	0.302801	2	1.93431	0	1.1517	
24946	4926	1481	0.30065	1	1.93261	1	1.14371	
24970.6	4932	1481	0.300284	1	1.93144	1	1.14258	
24994.7	4936	1481	0.300041	1	1.94205	1	1.14148	
25006.5	4939	1481	0.299858	2	1.94113	0	1.15013	
25236.6	4975	1481	0.297688	2	1.92343	0	1.13964	
25246.6	4978	1481	0.297509	1	1.93345	0	1.13919	
25261.5	4982	1481	0.29727	1	1.94285	0	1.13852	
25286.4	4986	1481	0.297032	2	1.94093	0	1.1374	
25303.1	4993	1481	0.296615	1	1.94087	1	1.13665	
25318.8	4996	1481	0.296437	2	1.93967	0	1.1372	
25341.7	5003	1481	0.296022	1	1.9416	1	1.13617	
25429.2	5020	1481	0.29502	1	1.93986	1	1.13226	
25541	5035	1481	0.294141	1	1.9389	1	1.12731	
25624.3	5058	1481	0.292803	2	1.9326	1	1.12364	
25663	5068	1490	0.294002	1	1.93844	2	1.12195	
25680.3	5070	1491	0.294083	1	1.93766	2	1.12119	
25752.4	5091	1511	0.296798	2	1.93223	1	1.13477	
25769.7	5099	1511	0.296333	1	1.93957	1	1.13401	
25816.3	5105	1511	0.295984	2	1.93607	0	1.1393	
25841	5111	1511	0.295637	1	1.94039	1	1.13821	
25855.7	5111	1511	0.295637	1	1.93929	1	1.13756	
25992.8	5138	1511	0.294083	2	1.92906	1	1.13156	
26019.3	5147	1511	0.293569	1	1.93625	1	1.13041	
26023.6	5148	1511	0.293512	1	1.93599	1	1.13022	
26039.6	5152	1511	0.293284	2	1.93479	1	1.12953	
26063.2	5154	1511	0.29317	1	1.94077	1	1.12851	
26171.2	5183	1511	0.29153	2	1.93276	0	1.13735	
26277	5198	1511	0.290689	2	1.92498	0	1.13277	
26448.1	5224	1511	0.289242	2	1.91253	0	1.12544	
26518.3	5233	1511	0.288745	2	1.90746	1	1.12246	
26522.9	5234	1511	0.288689	2	1.90713	1	1.12506	
26567.5	5238	1511	0.288469	2	1.90393	1	1.12317	
26602.9	5243	1511	0.288194	2	1.9014	1	1.12168	
26615.7	5244	1511	0.288139	1	1.92268	2	1.12114	
26653.8	5247	1513	0.288355	2	1.91993	1	1.12136	
26696.8	5255	1513	0.287916	2	1.91684	1	1.11956	
26716.8	5261	1518	0.288538	2	1.91541	1	1.12608	
26774	5269	1518	0.2881	2	1.91132	0	1.12648	
26878.8	5290	1518	0.286957	1	1.9341	1	1.12209	
26912.5	5293	1518	0.286794	2	1.93167	1	1.12068	
26934	5297	1521	0.287144	2	1.93013	1	1.12052	
27000.4	5314	1521	0.286225	2	1.92538	0	1.12614	
27017	5315	1521	0.286171	2	1.9242	0	1.12544	
27045.6	5321	1521	0.285849	1	1.938	1	1.12425	
27067.4	5326	1521	0.28558	2	1.93644	0	1.12519	
27094.2	5329	1521	0.285419	2	1.93453	0	1.12475	
27129.2	5338	1521	0.284938	2	1.93203	0	1.12439	
27186.6	5343	1521	0.284672	2	1.92795	1	1.12201	
27211.7	5344	1521	0.284618	1	1.9321	2	1.12098	
27284.4	5363	1539	0.286966	1	1.94146	2	1.11799	
27348.3	5373	1548	0.288107	2	1.93692	1	1.12059	
27354.2	5373	1548	0.288107	2	1.93651	0	1.12839	
27392.3	5382	1555	0.288926	1	1.93749	2	1.12682	
27425.6	5387	1559	0.2894	2	1.93513	1	1.1279	
27448.4	5392	1559	0.289132	1	1.93546	1	1.12696	
27479.6	5400	1559	0.288704	2	1.93326	0	1.13023	
27494.8	5403	1559	0.288543	2	1.9322	1	1.12961	
27550.5	5421	1559	0.287585	1	1.94043	1	1.12732	
27605.4	5433	1559	0.28695	1	1.93838	1	1.12508	
27769.7	5459	1559	0.285583	2	1.92691	1	1.11842	
27811.4	5466	1565	0.286315	1	1.93698	2	1.11675	
27830.4	5470	1568	0.286654	1	1.93624	2	1.11599	
28117.5	5525	1622	0.293575	1	1.93466	2	1.10459	
28147.6	5529	1625	0.293905	2	1.93259	1	1.11674	
28244.8	5549	1644	0.29627	1	1.94052	2	1.1129	
28266.6	5554	1648	0.296723	2	1.93902	1	1.1397	
28273.1	5556	1649	0.296796	1	1.93945	2	1.13944	
28277.2	5556	1649	0.296796	1	1.93918	1	1.13963	
28293.8	5560	1649	0.296583	2	1.93803	0	1.14402	
28297.2	5561	1649	0.296529	2	1.9378	0	1.14399	
28449.7	5588	1649	0.295097	1	1.93889	1	1.13786	
28513.5	5603	1649	0.294307	2	1.93455	0	1.14278	
28588.6	5617	1649	0.293573	1	1.93422	0	1.13977	
28625.3	5623	1649	0.29326	1	1.94367	0	1.13831	
28635.1	5626	1649	0.293103	1	1.94333	0	1.13792	
28676.1	5633	1649	0.292739	1	1.94172	0	1.1363	
28772.6	5650	1649	0.291858	1	1.94146	0	1.13248	
28833.3	5666	1649	0.291034	2	1.93737	0	1.1301	
28838.9	5668	1649	0.290932	2	1.937	1	1.12988	
28858.9	5669	1649	0.29088	1	1.94184	2	1.1291	
28959.8	5687	1666	0.292949	1	1.94153	2	1.12516	
28977.4	5696	1674	0.29389	2	1.94036	1	1.12942	
28988.8	5701	1674	0.293633	1	1.94059	1	1.12898	
28995.3	5702	1674	0.293581	2	1.94016	0	1.13408	
29015.1	5707	1674	0.293324	2	1.93884	1	1.13331	
29029.8	5714	1680	0.294015	2	1.93785	1	1.1332	
29151.2	5738	1680	0.292785	1	1.93969	1	1.12849	
29289.3	5764	1680	0.291464	2	1.93054	0	1.13315	
29349.1	5782	1680	0.290557	1	1.93871	1	1.13084	
29382	5789	1680	0.290206	2	1.93654	0	1.13271	
29402.8	5790	1680	0.290155	2	1.93517	0	1.13191	
29450.1	5798	1680	0.289755	2	1.93206	1	1.13009	
29463.9	5800	1681	0.289828	1	1.93504	2	1.12956	
29478.1	5804	1684	0.290145	2	1.93411	1	1.1315	
29663.4	5842	1684	0.288257	1	1.92856	1	1.12443	
29785.6	5868	1684	0.28698	1	1.92472	1	1.11982	
29808.3	5870	1684	0.286882	2	1.92325	1	1.11897	
29814.9	5871	1684	0.286834	1	1.94508	1	1.11872	
29909.2	5895	1684	0.285666	1	1.9429	1	1.11519	
29946.1	5904	1684	0.28523	2	1.9405	0	1.13031	
30057	5924	1684	0.284267	2	1.93335	0	1.12614	
30077.9	5927	1684	0.284124	2	1.932	1	1.12536	
30138.6	5939	1695	0.285402	2	1.92811	1	1.12546	
30187.4	5949	1704	0.286435	2	1.92499	1	1.12717	
30421	5997	1751	0.291979	2	1.91021	1	1.12774	
30634.4	6040	1793	0.296854	2	1.8969	1	1.12653	
30638.6	6040	1793	0.296854	2	1.89664	0	1.14094	
30664.5	6049	1793	0.296413	1	1.92271	1	1.13997	
30706.8	6056	1793	0.29607	1	1.94601	1	1.1384	
30779.2	6073	1793	0.295241	2	1.94143	0	1.14018	
30817.6	6079	1793	0.29495	2	1.93902	0	1.13992	
30852.9	6089	1793	0.294465	2	1.9368	0	1.13862	
30864.5	6090	1793	0.294417	1	1.94244	1	1.13819	
30915.1	6099	1793	0.293983	2	1.93927	0	1.13812	
30954.5	6106	1793	0.293646	1	1.93969	1	1.13667	
30982.8	6114	1793	0.293261	2	1.93792	1	1.13563	
31021.9	6121	1799	0.293906	1	1.94552	2	1.1342	
31052	6125	1802	0.294204	2	1.94363	1	1.13529	
31094	6136	1812	0.295306	2	1.94101	1	1.13947	
31231.4	6164	1839	0.298345	2	1.93247	1	1.13883	
31234.8	6164	1839	0.298345	1	1.93887	1	1.1387	
31264.2	6168	1839	0.298152	2	1.93705	1	1.13763	
31391.9	6193	1863	0.300824	2	1.92917	1	1.13698	
31428.4	6198	1863	0.300581	2	1.92693	1	1.13566	
31446.4	6201	1863	0.300435	1	1.94146	1	1.13501	
31459.4	6205	1863	0.300242	1	1.94099	1	1.13454	
31464.3	6206	1863	0.300193	1	1.94083	1	1.13436	
31627.6	6232	1863	0.298941	1	1.94291	1	1.1285	
31640.2	6235	1863	0.298797	2	1.94213	0	1.1465	
31676.1	6242	1863	0.298462	2	1.93993	0	1.1452	
31824.8	6279	1863	0.296703	1	1.94219	1	1.13985	
31984	6310	1863	0.295246	1	1.93727	1	1.13418	
32019.7	6318	1863	0.294872	1	1.93578	1	1.13291	
32109.2	6335	1863	0.294081	2	1.93038	0	1.14323	
32170.6	6349	1863	0.293432	1	1.93128	0	1.14105	
32208.1	6360	1863	0.292925	1	1.93017	0	1.13972	
32305.1	6371	1863	0.292419	1	1.92657	0	1.1363	
32305.6	6371	1863	0.292419	1	1.92654	0	1.13628	
32351.4	6377	1863	0.292144	1	1.92504	1	1.13467	
32351.6	6377	1863	0.292144	1	1.92503	0	1.13559	
32379.6	6383	1863	0.291869	1	1.94656	1	1.1346	
32426.4	6388	1863	0.291641	1	1.94469	1	1.13297	
32451.8	6396	1863	0.291276	1	1.94618	1	1.13208	
32456.5	6397	1863	0.29123	1	1.94591	1	1.13192	
32492.3	6407	1863	0.290776	2	1.94377	1	1.13067	
32524.1	6415	1870	0.291504	1	1.94483	2	1.12956	
32535.7	6415	1870	0.291504	1	1.94414	1	1.13472	
32548.6	6419	1870	0.291323	1	1.94366	1	1.13427	
32566.3	6421	1870	0.291232	2	1.9426	0	1.13592	
32567.9	6422	1870	0.291187	2	1.94251	0	1.13587	
32639.7	6432	1870	0.290734	2	1.93823	0	1.13337	
32665	6437	1870	0.290508	1	1.94027	1	1.13249	
32709.7	6445	1870	0.290147	1	1.94536	1	1.13094	
32811.4	6463	1870	0.289339	1	1.94235	1	1.12744	
32846.1	6469	1870	0.289071	2	1.9403	0	1.13249	
32918.9	6486	1870	0.288313	2	1.936	0	1.12998	
32970.3	6491	1870	0.288091	1	1.94203	0	1.12822	
32984.8	6493	1870	0.288002	2	1.94118	0	1.12772	
32995.2	6494	1870	0.287958	1	1.94581	1	1.12737	
33028.7	6500	1870	0.287692	1	1.94451	1	1.12623	
33079.4	6507	1870	0.287383	2	1.94153	0	1.12717	
33092.4	6510	1870	0.28725	1	1.94262	0	1.12673	
33113	6518	1870	0.286898	2	1.94141	0	1.12603	
33136	6525	1870	0.28659	1	1.94483	1	1.12525	
33291.5	6549	1870	0.28554	2	1.93574	0	1.12534	
33364.6	6569	1870	0.28467	1	1.93966	0	1.12287	
33379.8	6571	1870	0.284584	1	1.93909	0	1.12236	
33397.6	6571	1870	0.284584	1	1.93806	0	1.12176	
33408.3	6574	1870	0.284454	1	1.93757	0	1.12141	
33512	6593	1870	0.283634	1	1.94272	0	1.11793	
33584.3	6602	1870	0.283248	1	1.94378	0	1.11553	
33584.4	6602	1870	0.283248	1	1.94377	0	1.11552	
33682.3	6615	1870	0.282691	2	1.93812	1	1.11228	
33776	6631	1870	0.282009	1	1.93836	1	1.1092	
33787.7	6634	1870	0.281881	2	1.93769	0	1.11477	
33827.5	6641	1870	0.281584	1	1.94432	0	1.11346	
33859.1	6645	1870	0.281415	2	1.94251	0	1.11242	
33859.9	6645	1870	0.281415	2	1.94246	0	1.11239	
33971.1	6666	1870	0.280528	2	1.93611	1	1.10875	
34043.4	6679	1882	0.281779	1	1.93984	2	1.1064	
34192.9	6706	1908	0.284521	1	1.94153	2	1.10156	
34226.6	6710	1911	0.284799	2	1.93962	1	1.10774	
34355.1	6738	1938	0.287622	2	1.93236	1	1.10732	
34393.8	6752	1951	0.288951	1	1.94035	2	1.10607	
34460	6769	1967	0.290589	1	1.94424	2	1.10395	
34594.8	6795	1992	0.293157	1	1.94239	2	1.09965	
34614.1	6800	1996	0.293529	2	1.9413	1	1.12076	
34701.8	6823	2018	0.295764	2	1.9364	1	1.12783	
34754.2	6836	2030	0.296957	1	1.94169	2	1.12613	
34873	6865	2058	0.299782	2	1.93507	1	1.12715	
34973.9	6883	2058	0.298998	2	1.92949	0	1.13416	
35112.1	6909	2058	0.297872	2	1.92189	0	1.1336	
35161.4	6917	2058	0.297528	2	1.9192	0	1.13201	
35381.1	6965	2058	0.295477	1	1.92486	1	1.12498	
35430	6973	2058	0.295138	2	1.9222	0	1.13091	
35439.8	6973	2058	0.295138	1	1.92307	0	1.13059	
35455.4	6975	2058	0.295054	1	1.9464	0	1.1301	
35544.1	6996	2058	0.294168	2	1.94153	0	1.12728	
35553.8	6998	2058	0.294084	2	1.94101	1	1.12697	
35679.2	7021	2080	0.296254	2	1.93419	1	1.1267	
35683.1	7022	2080	0.296212	1	1.94031	2	1.12657	
35697.9	7025	2082	0.29637	1	1.9399	2	1.12611	
35714.7	7029	2085	0.296628	2	1.93898	1	1.12653	
35819.3	7047	2085	0.295871	2	1.93332	1	1.12323	
35855.7	7053	2090	0.296328	2	1.93136	1	1.1231	
35979.4	7082	2118	0.299068	2	1.92472	1	1.12257	
36108.3	7106	2141	0.301295	1	1.93608	2	1.11857	
36317	7146	2180	0.305066	1	1.94191	2	1.11214	
36347.6	7149	2182	0.305218	1	1.94056	2	1.1112	
36405.7	7159	2191	0.306048	2	1.93747	1	1.12105	
36415.5	7162	2193	0.306199	1	1.94533	2	1.12075	
36506.1	7183	2213	0.308089	1	1.94291	2	1.11796	
36523.5	7184	2213	0.308046	1	1.94654	2	1.11743	
36584.4	7192	2220	0.308676	1	1.94499	2	1.11557	
36700.4	7211	2238	0.310359	1	1.94194	2	1.11204	
36812.1	7240	2266	0.312983	1	1.93886	2	1.10867	
36864	7250	2275	0.313793	2	1.93614	1	1.11944	
36925.6	7259	2275	0.313404	1	1.94375	1	1.11757	
36955.1	7264	2275	0.313188	1	1.94257	1	1.11668	
36974.3	7267	2275	0.313059	2	1.94156	1	1.1161	
36975.2	7267	2275	0.313059	1	1.94584	1	1.11607	
37024.7	7279	2275	0.312543	1	1.94496	1	1.11458	
37041.3	7283	2275	0.312371	1	1.94453	1	1.11408	
37047.7	7284	2275	0.312328	1	1.94433	1	1.11388	
37092.2	7294	2275	0.3119	2	1.942	0	1.15401	
37147.3	7305	2275	0.311431	2	1.93912	0	1.1523	
37336.3	7340	2275	0.309946	2	1.9293	1	1.14647	
37398.9	7353	2287	0.31103	2	1.92607	1	1.14617	
37462	7366	2287	0.310481	1	1.93384	1	1.14424	
37467.9	7367	2287	0.310438	1	1.94644	1	1.14406	
37586.6	7395	2287	0.309263	1	1.9436	1	1.14044	
37597.7	7399	2287	0.309096	2	1.94303	1	1.14011	
37656.9	7417	2304	0.310638	2	1.93998	1	1.13984	
37668.9	7418	2304	0.310596	2	1.93935	1	1.15313	
37693.4	7423	2308	0.310926	2	1.93809	1	1.15325	
37706.9	7426	2308	0.3108	1	1.94055	1	1.15284	
37865.1	7456	2308	0.309549	2	1.93244	1	1.14802	
37873	7457	2308	0.309508	2	1.93204	1	1.14778	
37888	7461	2311	0.309744	1	1.9422	2	1.14733	
37923.6	7472	2321	0.310626	1	1.94592	2	1.14625	
38074.3	7497	2345	0.312792	2	1.93821	1	1.15227	
38128.1	7508	2345	0.312334	1	1.94082	1	1.15065	
38161.3	7511	2345	0.312209	2	1.93914	1	1.14965	
38168	7511	2345	0.312209	1	1.94596	1	1.14944	
38221.7	7525	2357	0.313223	1	1.94462	2	1.14783	
38367.7	7559	2390	0.316179	2	1.93722	1	1.15632	
38371.1	7559	2390	0.316179	1	1.94057	1	1.15622	
38418.3	7573	2390	0.315595	1	1.94562	1	1.1548	
38446.1	7582	2390	0.31522	2	1.94422	1	1.15396	
38462.9	7587	2390	0.315013	1	1.94442	1	1.15346	
38500.7	7596	2390	0.314639	1	1.94559	1	1.15233	
38518.2	7597	2390	0.314598	2	1.94471	1	1.1518	
38595.6	7611	2403	0.315727	1	1.94306	2	1.14949	
38749.4	7640	2431	0.318194	1	1.9393	2	1.14493	
38883	7669	2459	0.320642	2	1.93264	1	1.15935	
38889.1	7669	2459	0.320642	1	1.93569	1	1.15917	
38911.7	7672	2459	0.320516	1	1.93513	1	1.1585	
38932.9	7677	2459	0.320307	1	1.93435	1	1.15786	
38941.9	7679	2459	0.320224	2	1.9339	0	1.16844	
38972.3	7684	2459	0.320016	1	1.94543	1	1.16753	
38991.9	7691	2459	0.319724	2	1.94445	1	1.16694	
39009.2	7692	2459	0.319683	2	1.94359	1	1.16804	
39180.8	7719	2459	0.318565	1	1.94039	1	1.16293	
39189.6	7721	2459	0.318482	1	1.94644	1	1.16267	
39248	7732	2459	0.318029	2	1.94354	1	1.16094	
39273.3	7739	2465	0.318517	1	1.94462	2	1.16019	
39285.6	7742	2467	0.318652	2	1.94401	1	1.16065	
39303.7	7742	2467	0.318652	2	1.94312	1	1.16011	
39347.6	7750	2474	0.319226	1	1.94275	2	1.15882	
39355.5	7750	2474	0.319226	0	1.94652	2	1.15859	
39463.9	7776	2498	0.321245	1	1.94392	2	1.15541	
39500.8	7782	2503	0.32164	1	1.94577	2	1.15432	
39511.8	7784	2504	0.321686	1	1.94545	2	1.15401	
39640.9	7814	2533	0.324162	2	1.93911	1	1.15865	
39650.3	7816	2533	0.324079	1	1.94193	1	1.15837	
39737.4	7829	2533	0.323541	2	1.93768	1	1.15583	
39768.1	7838	2533	0.323169	1	1.94377	1	1.15494	
39794.9	7841	2533	0.323046	1	1.94584	1	1.15416	
39820.4	7845	2533	0.322881	1	1.94523	1	1.15342	
39883.9	7861	2533	0.322224	1	1.94449	1	1.15159	
39895.4	7861	2533	0.322224	1	1.94393	0	1.17374	
40220.3	7937	2533	0.319138	1	1.93629	1	1.16426	
40255.3	7946	2533	0.318777	2	1.9346	1	1.16324	
40276.2	7952	2538	0.319165	1	1.94486	2	1.16264	
40286.6	7952	2538	0.319165	1	1.94436	1	1.17195	
40299.5	7954	2538	0.319085	2	1.94374	0	1.1726	
40383.9	7965	2538	0.318644	1	1.94371	1	1.17014	
40475.3	7984	2538	0.317886	2	1.93932	1	1.1675	
40536.9	7995	2538	0.317448	1	1.94239	1	1.16573	
40598	8008	2538	0.316933	2	1.93946	0	1.17128	
40616.4	8008	2538	0.316933	1	1.9443	0	1.17075	
40621.6	8008	2538	0.316933	1	1.94405	0	1.1706	
40676.7	8018	2538	0.316538	1	1.94438	1	1.16902	
40689.8	8021	2538	0.316419	1	1.9454	1	1.16864	
40710.1	8028	2538	0.316143	2	1.94443	1	1.16806	
40762.3	8035	2544	0.316615	1	1.94404	2	1.16656	
40804.1	8043	2551	0.31717	2	1.94205	1	1.16766	
40859	8056	2563	0.318148	1	1.94167	2	1.16609	
40957.5	8081	2587	0.320134	1	1.94353	2	1.16329	
40999.9	8088	2593	0.320598	1	1.94236	2	1.16209	
41015.6	8091	2595	0.320727	2	1.94162	1	1.16662	
41086.1	8104	2595	0.320212	2	1.93829	0	1.1758	
41127.7	8114	2595	0.319818	2	1.93633	0	1.17461	
41152.3	8117	2595	0.319699	1	1.94228	1	1.17391	
41153.6	8117	2595	0.319699	1	1.94222	1	1.17387	
41208.4	8128	2595	0.319267	1	1.94469	1	1.17231	
41210.9	8129	2595	0.319227	2	1.94457	1	1.17224	
41320.8	8153	2595	0.318288	1	1.94211	1	1.16912	
41345.6	8161	2595	0.317976	1	1.94147	1	1.16842	
41349.7	8162	2595	0.317937	2	1.94128	0	1.17366	
41363.2	8164	2595	0.317859	2	1.94065	0	1.17327	
41403.4	8172	2595	0.317548	1	1.94463	1	1.17213	
41432.3	8180	2595	0.317237	2	1.94327	0	1.17292	
41572	8204	2595	0.316309	2	1.93674	1	1.16898	
41577.9	8205	2595	0.316271	2	1.93647	1	1.16885	
41582.8	8206	2595	0.316232	1	1.94194	2	1.16871	
41726.2	8227	2615	0.317856	1	1.94296	2	1.16469	
41743.2	8229	2616	0.3179	2	1.94217	1	1.16809	
41745.7	8231	2616	0.317823	2	1.94205	1	1.16802	
41831.7	8246	2630	0.318943	2	1.93806	1	1.17487	
41845.5	8253	2636	0.319399	1	1.94367	2	1.17448	
41881.7	8259	2641	0.319772	1	1.94281	2	1.17347	
41897.6	8263	2644	0.319981	1	1.94242	2	1.17302	
42001	8285	2665	0.321666	1	1.94004	2	1.17013	
42039.9	8297	2676	0.322526	1	1.94548	2	1.16905	
42056.3	8299	2677	0.322569	2	1.94472	1	1.17596	
42133.6	8314	2691	0.323671	1	1.94428	2	1.1738	
42169.2	8325	2701	0.324444	1	1.94562	2	1.17281	
42226	8338	2713	0.325378	2	1.943	1	1.17522	
42237.4	8342	2716	0.325581	2	1.94247	1	1.18445	
42389.1	8377	2716	0.324221	2	1.93552	1	1.18022	
42416.4	8384	2722	0.324666	2	1.93428	1	1.18385	
42459.8	8392	2722	0.324357	2	1.9323	0	1.1843	
42507.1	8399	2722	0.324086	2	1.93015	0	1.18298	
42521.6	8401	2722	0.324009	2	1.92949	0	1.18283	
42557.2	8406	2722	0.323816	1	1.93779	0	1.18184	
42655.6	8419	2722	0.323316	1	1.9353	0	1.17911	
42744.1	8434	2722	0.322741	2	1.93129	0	1.17667	
42814.1	8453	2722	0.322016	2	1.92814	1	1.17475	
42827.5	8457	2722	0.321864	2	1.92753	1	1.17438	
42851	8463	2722	0.321635	1	1.94236	1	1.17373	
42878.1	8471	2722	0.321332	1	1.94169	1	1.17299	
42880.6	8471	2722	0.321332	1	1.94158	0	1.17603	
42961.4	8489	2722	0.32065	1	1.94498	1	1.17381	
42966.4	8490	2722	0.320612	1	1.94481	1	1.17368	
43022.7	8500	2722	0.320235	2	1.94227	1	1.17214	
43066.7	8514	2735	0.321236	2	1.94029	1	1.17187	
43123.7	8526	2746	0.322074	1	1.94335	2	1.17032	
43192.7	8548	2767	0.323701	1	1.94172	2	1.16845	
43227.3	8556	2774	0.324217	2	1.94017	1	1.17118	
43407.3	8587	2804	0.32654	1	1.94225	2	1.16632	
43424.8	8593	2809	0.326894	1	1.94662	2	1.16585	
43456.7	8601	2816	0.327404	1	1.94624	2	1.165	
43507	8615	2829	0.328381	2	1.94399	1	1.17779	
43554.6	8624	2837	0.328966	1	1.94481	2	1.1765	
43584.6	8631	2843	0.329394	2	1.94347	1	1.17739	
43616.4	8637	2848	0.329744	2	1.94205	1	1.18538	
43731.5	8657	2867	0.331177	2	1.93694	1	1.18556	
43732.4	8657	2867	0.331177	2	1.9369	0	1.18804	
43783.7	8667	2875	0.331718	1	1.94207	2	1.18665	
43926	8694	2901	0.333678	1	1.94419	2	1.18281	
43996.2	8705	2911	0.334406	1	1.94589	2	1.18092	
44024.9	8709	2914	0.334596	2	1.94462	1	1.18678	
44061.8	8716	2920	0.335016	1	1.94446	2	1.18579	
44065.5	8717	2920	0.334978	1	1.94435	2	1.18568	
44167.8	8740	2942	0.336613	2	1.93984	1	1.19277	
44211.6	8749	2950	0.337181	2	1.93792	1	1.19579	
44221.2	8751	2951	0.337219	2	1.9375	1	1.19571	
44252.1	8758	2957	0.337634	1	1.94032	2	1.19487	
44260.9	8760	2958	0.337671	1	1.93996	2	1.19464	
44271.7	8762	2959	0.337708	1	1.93962	2	1.19435	
44282.8	8765	2961	0.337821	1	1.94718	2	1.19405	
44303.1	8770	2965	0.338084	1	1.94696	2	1.1935	
44348.4	8780	2974	0.338724	2	1.94497	1	1.19497	
44411.1	8785	2978	0.338987	1	1.94461	2	1.19328	
44413.1	8785	2978	0.338987	0	1.94744	2	1.19323	
44638.2	8837	3028	0.34265	1	1.94241	2	1.18721	
44649.5	8838	3028	0.342611	2	1.94192	1	1.19769	
44650.8	8838	3028	0.342611	2	1.94186	0	1.20425	
44659.9	8841	3028	0.342495	1	1.94657	0	1.204	
44691.4	8847	3028	0.342263	1	1.94626	0	1.20315	
44880.9	8889	3028	0.340646	1	1.94197	0	1.19807	
44885.1	8890	3028	0.340607	2	1.94179	0	1.19796	
44906.1	8892	3028	0.340531	2	1.94088	0	1.1974	
44914.2	8894	3028	0.340454	2	1.94053	1	1.19718	
44949.8	8900	3033	0.340787	2	1.93899	1	1.19718	
45028.4	8913	3045	0.341636	1	1.94373	2	1.19509	
45035.1	8914	3045	0.341597	2	1.94344	1	1.19656	
45046.2	8918	3048	0.341781	1	1.94322	2	1.19627	
45052.1	8919	3048	0.341742	2	1.94297	1	1.19643	
45147.2	8948	3076	0.343764	2	1.93887	1	1.19893	
45267.4	8975	3102	0.345627	2	1.93373	1	1.20047	
45314.4	8985	3111	0.346244	2	1.93172	1	1.20278	
45443	9011	3111	0.345245	2	1.92625	1	1.19938	
45482.3	9018	3111	0.344977	1	1.9378	1	1.19834	
45541.4	9030	3111	0.344518	1	1.94612	1	1.19679	
45557.3	9032	3111	0.344442	1	1.947	1	1.19637	
45570.3	9033	3111	0.344404	1	1.94678	1	1.19603	
45570.3	9033	3111	0.344404	0	1.94687	1	1.19603	
45597	9040	3111	0.344137	1	1.94623	1	1.19533	
45666.8	9047	3111	0.343871	2	1.94326	0	1.20216	
45677.7	9049	3111	0.343795	1	1.94433	1	1.20188	
45680.4	9049	3111	0.343795	1	1.94421	1	1.2018	
45688.4	9051	3111	0.343719	2	1.94387	0	1.20206	
45748.3	9060	3111	0.343377	1	1.94274	0	1.20049	
45855.9	9079	3111	0.342659	1	1.94435	0	1.19767	
45863	9082	3111	0.342546	1	1.94421	0	1.19749	
45891.2	9085	3111	0.342433	1	1.94601	0	1.19675	
45903.4	9086	3111	0.342395	2	1.94549	0	1.19643	
45906.9	9086	3111	0.342395	2	1.94535	0	1.19634	
45967.1	9095	3111	0.342056	1	1.94428	1	1.19478	
45992.2	9104	3111	0.341718	1	1.94374	1	1.19412	
46108.8	9119	3111	0.341156	1	1.94116	1	1.1911	
46145.9	9129	3111	0.340782	1	1.94035	1	1.19015	
46273	9158	3111	0.339703	1	1.93775	1	1.18688	
46308.2	9167	3111	0.339369	2	1.93628	0	1.19459	
46349.2	9175	3111	0.339074	1	1.94504	1	1.19354	
46414.4	9188	3111	0.338594	2	1.9423	0	1.1941	
46428.8	9189	3111	0.338557	1	1.94333	1	1.19373	
46484.8	9200	3111	0.338152	1	1.94545	1	1.19229	
46502.2	9203	3111	0.338042	2	1.94472	1	1.19184	
46578.1	9211	3118	0.338508	1	1.94475	2	1.1899	
46590.9	9214	3120	0.338615	1	1.94448	2	1.18957	
46602	9215	3120	0.338578	1	1.94628	2	1.18929	
46631.8	9222	3126	0.338972	1	1.94583	2	1.18853	
46823.4	9270	3173	0.342287	2	1.93787	1	1.19048	
46849.9	9274	3176	0.342463	1	1.942	2	1.18981	
46869.8	9280	3181	0.34278	1	1.94154	2	1.18931	
47033.3	9316	3216	0.345213	2	1.93479	1	1.19823	
47057.1	9319	3216	0.345101	2	1.93381	0	1.20256	
47072.1	9323	3216	0.344953	1	1.94255	1	1.20217	
47077.6	9324	3216	0.344916	1	1.94659	1	1.20203	
47133.2	9343	3216	0.344215	2	1.94429	0	1.20222	
47165.2	9355	3216	0.343773	1	1.94481	0	1.2014	
47285.2	9376	3216	0.343003	2	1.93988	0	1.19835	
47490.5	9414	3216	0.341619	2	1.93149	0	1.19746	
47592.9	9432	3216	0.340967	1	1.93817	1	1.19489	
47601.4	9432	3216	0.340967	0	1.94697	1	1.19467	
47696	9452	3216	0.340245	2	1.9431	1	1.1923	
47721.6	9456	3216	0.340102	1	1.94443	1	1.19166	
47739.8	9462	3216	0.339886	1	1.94646	1	1.19121	
47821.9	9481	3216	0.339205	2	1.94312	1	1.18916	
47838.9	9483	3217	0.339239	1	1.94443	2	1.18874	
47858.2	9485	3218	0.339273	2	1.94365	1	1.18889	
47923.6	9491	3223	0.339585	1	1.94268	2	1.18727	
48024.2	9516	3247	0.341215	2	1.93861	1	1.18818	
48042.3	9519	3247	0.341107	2	1.93787	1	1.18773	
48086.8	9533	3247	0.340606	1	1.93943	1	1.18663	
48088.1	9534	3247	0.340571	2	1.93938	1	1.1866	
48120.6	9540	3247	0.340356	2	1.93807	1	1.1858	
48156	9550	3247	0.34	1	1.93807	1	1.18493	
48162	9553	3247	0.339893	2	1.93782	1	1.18478	
48173	9555	3248	0.339927	1	1.94664	2	1.18451	
48290.4	9572	3264	0.340995	1	1.94413	2	1.18163	
48312.6	9576	3267	0.341165	1	1.94648	2	1.18109	
48324	9576	3267	0.341165	0	1.94671	2	1.18081	
48414.6	9590	3279	0.341919	1	1.94479	2	1.1786	
48485.6	9606	3294	0.342911	2	1.94194	1	1.19727	
48567.1	9628	3315	0.344308	1	1.94175	2	1.19526	
48603.7	9633	3319	0.344545	2	1.94029	1	1.19674	
48605.6	9634	3319	0.344509	1	1.94095	2	1.19669	
48696.2	9651	3335	0.34556	2	1.93734	1	1.20535	
48751	9662	3345	0.346202	2	1.93516	1	1.207	
48774.5	9667	3345	0.346023	1	1.94344	1	1.20642	
48988.8	9709	3345	0.344526	2	1.93494	0	1.20706	
49034	9716	3345	0.344277	2	1.93315	0	1.20685	
49083.9	9720	3345	0.344136	2	1.93119	0	1.20563	
49094.7	9722	3345	0.344065	2	1.93076	0	1.20556	
49101.7	9723	3345	0.34403	1	1.94055	1	1.20538	
49183.5	9736	3345	0.34357	2	1.93733	1	1.20338	
49185.1	9736	3345	0.34357	1	1.94561	1	1.20334	
49189.7	9736	3345	0.34357	1	1.94542	0	1.20513	
49201.8	9737	3345	0.343535	1	1.94681	0	1.20483	
49228	9740	3345	0.343429	1	1.94641	1	1.20419	
49254.9	9742	3345	0.343359	2	1.94535	0	1.20444	
49256.4	9743	3345	0.343323	1	1.94585	1	1.2044	
49338.5	9755	3345	0.342901	1	1.94426	1	1.2024	
49357.1	9757	3345	0.342831	1	1.94653	1	1.20194	
49398.7	9766	3345	0.342515	2	1.94489	0	1.20384	
49436.1	9772	3345	0.342305	2	1.94342	1	1.20293	
49492.8	9782	3354	0.342875	1	1.94385	2	1.20155	
49530.2	9789	3360	0.343242	1	1.94624	2	1.20064	
49535.5	9792	3362	0.343342	2	1.94603	1	1.20323	
49555.7	9796	3362	0.343201	2	1.94524	0	1.20496	
49579.2	9799	3362	0.343096	1	1.94529	1	1.20439	
49719.3	9834	3362	0.341875	2	1.93981	1	1.201	
49727	9837	3364	0.341974	2	1.93951	1	1.20414	
49792.1	9850	3376	0.342741	1	1.94285	2	1.20257	
49806.3	9850	3376	0.342741	1	1.9423	1	1.20397	
49819.1	9851	3376	0.342706	2	1.9418	0	1.2054	
49819.8	9851	3376	0.342706	2	1.94177	0	1.20538	
49836.5	9856	3379	0.342837	1	1.94621	2	1.20498	
50079.3	9903	3425	0.345855	2	1.93677	1	1.20423	
50112.9	9912	3433	0.346348	2	1.93547	1	1.20409	
50123.7	9915	3435	0.346445	2	1.93506	1	1.20988	
50165.9	9924	3435	0.346131	2	1.93343	1	1.20886	
50259.8	9949	3459	0.347673	2	1.92982	1	1.20844	
50355.8	9969	3459	0.346976	1	1.93695	1	1.20614	
50368.1	9970	3459	0.346941	1	1.93662	1	1.20584	
50378.1	9972	3459	0.346871	2	1.93623	1	1.2056	
50416.8	9980	3466	0.347295	1	1.94621	2	1.20468	
50454.5	9982	3467	0.347325	2	1.94476	1	1.20525	
50518.3	10001	3485	0.348465	1	1.94524	2	1.20373	
50623.6	10025	3508	0.349925	1	1.94504	2	1.20123	
50689.6	10037	3519	0.350603	2	1.94251	1	1.21099	
50712.6	10044	3519	0.350358	2	1.94162	0	1.21552	
50758.5	10050	3519	0.350149	1	1.94235	1	1.21443	
50791	10059	3519	0.349836	1	1.94172	1	1.21365	
50863.9	10075	3519	0.34928	2	1.93894	1	1.21191	
50885.4	10079	3519	0.349142	1	1.94522	1	1.2114	
50994.5	10098	3519	0.348485	1	1.94301	1	1.20881	
51074.9	10111	3519	0.348037	1	1.9455	1	1.2069	
51099.2	10113	3519	0.347968	1	1.94488	1	1.20633	
51153.3	10124	3519	0.34759	1	1.94385	1	1.20505	
51219.4	10144	3519	0.346905	2	1.94135	0	1.21337	
51248.9	10150	3519	0.3467	2	1.94023	0	1.21319	
51324.7	10162	3519	0.34629	1	1.94379	1	1.2114	
51431	10189	3519	0.345372	2	1.93977	1	1.2089	
51589.2	10222	3519	0.344257	1	1.93888	1	1.20519	
51644.6	10232	3519	0.343921	2	1.9368	0	1.21152	
51669.6	10241	3519	0.343619	1	1.93742	1	1.21093	
51828.2	10267	3519	0.342749	1	1.93454	1	1.20723	
51891.4	10279	3519	0.342348	1	1.94626	1	1.20576	
51958.8	10294	3519	0.34185	2	1.94373	1	1.20419	
51961.6	10295	3519	0.341816	1	1.94496	2	1.20413	
52096.3	10323	3546	0.343505	2	1.93994	1	1.20968	
52218.3	10347	3569	0.344931	2	1.9354	1	1.20908	
52220.8	10347	3569	0.344931	2	1.93531	1	1.20903	
52235	10353	3574	0.345214	2	1.93479	1	1.21395	
52344.5	10384	3604	0.347072	1	1.93797	2	1.21141	
52391.3	10397	3616	0.347793	1	1.93712	2	1.21033	
52419.6	10405	3623	0.348198	2	1.93607	1	1.21346	
52443.9	10409	3626	0.348352	1	1.93604	2	1.2129	
52472.1	10415	3631	0.348632	2	1.935	1	1.2131	
52529.8	10432	3647	0.349597	1	1.93442	2	1.21177	
52587.7	10438	3652	0.349875	1	1.9467	2	1.21044	
52652.9	10451	3664	0.350588	1	1.94647	2	1.20894	
52676.2	10458	3670	0.350928	1	1.94717	2	1.2084	
52721.7	10466	3677	0.351328	2	1.94549	1	1.21641	
52796.3	10480	3690	0.352099	2	1.94274	1	1.216	
52802.5	10480	3690	0.352099	1	1.9452	1	1.21586	
52842	10484	3690	0.351965	2	1.94375	1	1.21495	
52845.5	10484	3690	0.351965	2	1.94362	0	1.22191	
52920.4	10499	3703	0.3527	1	1.94308	2	1.22018	
52956.6	10504	3707	0.352913	2	1.94175	1	1.22144	
52980.9	10505	3707	0.35288	2	1.94086	1	1.22088	
53066.3	10529	3730	0.35426	2	1.93774	1	1.22032	
53083.5	10535	3735	0.354533	1	1.94477	2	1.21993	
53091.7	10539	3738	0.354683	1	1.94742	2	1.21974	
53189.5	10551	3749	0.355322	1	1.94565	2	1.21749	
53210	10556	3753	0.355532	2	1.9449	1	1.22383	
53293.9	10576	3753	0.35486	1	1.94371	1	1.2219	
53353.1	10585	3753	0.354558	2	1.94156	1	1.22055	
53381.7	10595	3762	0.355073	2	1.94052	1	1.22043	
53384.4	10595	3762	0.355073	2	1.94042	0	1.22629	
53407.9	10598	3762	0.354973	1	1.94152	1	1.22575	
53426.8	10601	3762	0.354872	1	1.94721	1	1.22532	
53433.1	10604	3762	0.354772	1	1.94731	1	1.22517	
53449.7	10607	3762	0.354671	2	1.9467	1	1.22479	
53530.2	10619	3762	0.354271	1	1.94558	1	1.22295	
53586.2	10629	3762	0.353937	2	1.94355	1	1.22167	
53602.5	10634	3762	0.353771	2	1.94296	1	1.2213	
53653.7	10641	3768	0.354102	1	1.94337	2	1.22013	
53673.6	10644	3770	0.35419	1	1.94723	2	1.21968	
53779.7	10663	3788	0.355247	2	1.94339	1	1.22461	
53781.3	10663	3788	0.355247	1	1.9456	1	1.22458	
53811.7	10669	3788	0.355047	2	1.9445	1	1.22388	
53871.4	10679	3797	0.355558	2	1.94234	1	1.22741	
53900.8	10683	3797	0.355425	1	1.94521	1	1.22675	
53973.6	10702	3797	0.354793	2	1.94259	1	1.22509	
54012.8	10707	3797	0.354628	2	1.94118	1	1.2242	
54016.3	10707	3797	0.354628	2	1.94105	1	1.22412	
54045.2	10713	3797	0.354429	2	1.94001	1	1.22347	
54118.6	10723	3806	0.354938	1	1.94138	2	1.22181	
54136.9	10726	3808	0.355025	2	1.94073	1	1.22738	
54196.9	10737	3808	0.354661	1	1.93994	1	1.22602	
54288.4	10759	3808	0.353936	1	1.94593	1	1.22395	
54309.9	10764	3808	0.353772	1	1.94541	1	1.22347	
54323.6	10768	3808	0.35364	2	1.94492	1	1.22316	
54332	10770	3809	0.353668	1	1.94708	2	1.22297	
54543.3	10802	3840	0.35549	2	1.93954	1	1.22723	
54562.9	10802	3840	0.35549	2	1.93884	0	1.23116	
54568	10802	3840	0.35549	2	1.93866	0	1.23105	
54568.9	10802	3840	0.35549	1	1.94295	0	1.23103	
54586.2	10805	3840	0.355391	2	1.94233	0	1.23064	
54615.4	10809	3840	0.35526	1	1.94681	1	1.22998	
54636.1	10810	3840	0.355227	1	1.94712	1	1.22951	
54671.1	10819	3840	0.354931	1	1.94647	1	1.22872	
54783.6	10838	3840	0.354309	1	1.94451	1	1.2262	
54829.9	10845	3840	0.35408	1	1.94676	1	1.22517	
54836.7	10847	3840	0.354015	2	1.94652	1	1.22501	
54875.3	10855	3840	0.353754	1	1.94681	1	1.22415	
54879.3	10855	3840	0.353754	1	1.94667	1	1.22406	
54925.6	10864	3840	0.353461	2	1.94503	0	1.2292	
54939.1	10864	3840	0.353461	1	1.94644	0	1.22889	
54951.3	10864	3840	0.353461	1	1.94601	0	1.22862	
54960.6	10866	3840	0.353396	2	1.94568	0	1.22848	
54973.6	10867	3840	0.353363	2	1.94522	0	1.22819	
54980.7	10872	3840	0.353201	2	1.94497	0	1.22814	
55037	10881	3840	0.352909	2	1.94298	0	1.22784	
55054.4	10883	3840	0.352844	1	1.94422	0	1.22745	
55212.8	10911	3840	0.351938	2	1.93865	0	1.22393	
55417.1	10943	3840	0.350909	1	1.93801	0	1.21942	
55428.2	10949	3840	0.350717	2	1.93762	0	1.21918	
55448.3	10956	3840	0.350493	2	1.93692	0	1.21907	
55529.3	10976	3840	0.349854	1	1.94552	0	1.21729	
55630.7	10995	3840	0.34925	2	1.94198	0	1.21507	
55666.9	11005	3840	0.348932	2	1.94071	0	1.21483	
55696	11011	3840	0.348742	2	1.9397	1	1.21419	
55737.7	11027	3855	0.349596	2	1.93825	1	1.21403	
55768.8	11034	3855	0.349375	1	1.94128	1	1.21335	
55799.5	11044	3855	0.349058	2	1.94021	0	1.21502	
55817.1	11048	3855	0.348932	1	1.94668	1	1.21464	
55897.7	11065	3855	0.348396	1	1.94508	1	1.21289	
55928.3	11072	3855	0.348176	1	1.94674	1	1.21222	
55962.1	11079	3855	0.347956	1	1.94663	1	1.21149	
55988	11083	3855	0.34783	1	1.94678	1	1.21093	
56022.4	11091	3855	0.347579	2	1.94558	1	1.21019	
56083	11102	3865	0.348135	1	1.94541	2	1.20888	
56155.1	11113	3875	0.348691	1	1.94589	2	1.20733	
56270.4	11137	3898	0.350004	1	1.94518	2	1.20486	
56323.4	11144	3904	0.350323	1	1.94632	2	1.20372	
56393.3	11160	3919	0.351165	1	1.945	2	1.20223	
56408.3	11164	3922	0.351308	2	1.94449	1	1.20874	
56437.5	11168	3925	0.351451	2	1.94348	1	1.21929	
56570.4	11192	3925	0.350697	2	1.93891	1	1.21643	
56575	11194	3926	0.350724	1	1.94404	2	1.21633	
56672.7	11226	3957	0.352485	2	1.94069	1	1.21601	
56681.6	11229	3959	0.352569	2	1.94038	1	1.22058	
56708.5	11234	3963	0.352768	2	1.93946	1	1.22062	
56733.9	11235	3963	0.352737	2	1.9386	1	1.22098	
56825.2	11255	3982	0.353798	1	1.94307	2	1.21902	
56845.7	11258	3984	0.353882	1	1.94707	2	1.21858	
56877.2	11262	3987	0.354022	2	1.94599	1	1.22035	
56996.1	11286	4010	0.355307	1	1.94487	2	1.2178	
57038	11291	4014	0.355504	1	1.94654	2	1.21691	
57039.8	11292	4014	0.355473	2	1.94648	1	1.22253	
57118.6	11308	4014	0.35497	1	1.94519	1	1.22084	
57166.4	11324	4014	0.354468	1	1.94651	1	1.21982	
57226.2	11334	4014	0.354156	1	1.94547	1	1.21854	
57310.5	11347	4014	0.35375	1	1.94401	1	1.21675	
57414.2	11368	4014	0.353096	1	1.94229	1	1.21455	
57539.3	11396	4014	0.352229	2	1.93807	0	1.22341	
57551.9	11402	4014	0.352044	2	1.93765	0	1.22336	
57584.7	11405	4014	0.351951	2	1.93654	1	1.22266	
57616.5	11408	4014	0.351858	2	1.93548	1	1.22198	
57779.4	11443	4048	0.353753	1	1.94138	2	1.21854	
57789.9	11445	4049	0.353779	2	1.94103	1	1.2223	
57794.7	11445	4049	0.353779	1	1.94099	1	1.2222	
57838.7	11455	4057	0.354168	1	1.94673	2	1.22127	
57841.6	11456	4057	0.354138	2	1.94663	1	1.22196	
57855.4	11459	4057	0.354045	1	1.94644	1	1.22166	
58042.5	11500	4057	0.352783	2	1.94016	1	1.21773	
58045	11500	4057	0.352783	1	1.94437	1	1.21767	
58104.5	11505	4060	0.35289	1	1.94666	2	1.21643	
58113.2	11506	4060	0.352859	1	1.94724	2	1.21625	
58212.7	11520	4073	0.353559	2	1.94391	1	1.22439	
58223.9	11521	4073	0.353528	2	1.94354	1	1.2268	
58258.6	11526	4073	0.353375	2	1.94238	0	1.22675	
58285.5	11531	4073	0.353222	2	1.94148	0	1.22653	
58363.6	11550	4073	0.352641	2	1.93888	1	1.22488	
58368	11550	4073	0.352641	1	1.94309	1	1.22479	
58419.3	11560	4073	0.352336	2	1.94138	0	1.22596	
58422.8	11560	4073	0.352336	1	1.94216	0	1.22589	
58541.1	11581	4073	0.351697	2	1.93824	0	1.22341	
58612.4	11597	4073	0.351212	2	1.93588	0	1.22311	
58629.1	11604	4073	0.351	2	1.93533	1	1.22276	
58660.7	11607	4075	0.351081	2	1.93429	1	1.22251	
58686.7	11616	4083	0.351498	1	1.94327	2	1.22197	
58938.6	11673	4139	0.354579	2	1.93497	1	1.22144	
59068.3	11692	4157	0.355542	1	1.93716	2	1.21876	
59235.4	11726	4190	0.357326	2	1.9317	1	1.22017	
59296.8	11740	4203	0.358007	2	1.92969	1	1.21987	
59300.4	11740	4203	0.358007	1	1.94437	1	1.2198	
59315.3	11743	4204	0.358001	2	1.94388	1	1.21962	
59341	11750	4210	0.358298	2	1.94304	1	1.2313	
59352.4	11752	4211	0.358322	1	1.94742	2	1.23106	
59357.3	11753	4211	0.358292	2	1.94726	1	1.23111	
59377.6	11756	4213	0.35837	1	1.94698	2	1.23069	
59391.1	11758	4214	0.358394	2	1.94653	1	1.2309	
59406	11758	4214	0.358394	1	1.94648	1	1.23059	
59424.6	11759	4214	0.358364	1	1.94588	1	1.23021	
59620.1	11802	4214	0.357058	2	1.93949	0	1.23124	
59699.2	11815	4214	0.356665	2	1.93692	0	1.22961	
59730.2	11820	4214	0.356514	2	1.93592	1	1.22898	
59752.2	11823	4216	0.356593	2	1.93521	1	1.22937	
59769.1	11829	4221	0.356835	2	1.93466	1	1.2293	
59845.2	11846	4237	0.357673	1	1.94124	2	1.22773	
59889	11853	4243	0.357968	2	1.93982	1	1.22877	
59936.7	11861	4250	0.358317	1	1.93951	2	1.22779	
59994.1	11877	4265	0.359097	1	1.93847	2	1.22661	
60069	11894	4281	0.359929	2	1.93606	1	1.23055	
60159.4	11918	4281	0.359205	1	1.94534	1	1.2287	
60211.8	11925	4281	0.358994	1	1.94705	1	1.22763	
60235.9	11928	4281	0.358903	1	1.94665	1	1.22714	
60262.9	11933	4281	0.358753	2	1.94578	1	1.22659	
60272.7	11935	4282	0.358777	1	1.94712	2	1.22639	
60299.3	11942	4288	0.359069	1	1.94666	2	1.22585	
60315.5	11949	4294	0.359361	2	1.94614	1	1.22634	
60356.1	11956	4294	0.35915	1	1.94574	1	1.22551	
60364.6	11957	4294	0.35912	1	1.94555	1	1.22534	
60478.1	11979	4294	0.358461	2	1.94189	1	1.22304	
60493.1	11983	4297	0.358591	1	1.94343	2	1.22274	
60505.9	11985	4298	0.358615	2	1.94302	1	1.2229	
60529.1	11991	4298	0.358435	2	1.94227	0	1.23298	
60596.1	12002	4298	0.358107	2	1.94012	0	1.23271	
60608	12006	4298	0.357988	2	1.93974	0	1.23266	
60712.8	12026	4298	0.357392	1	1.94415	1	1.23053	
60964.5	12082	4298	0.355736	2	1.93613	1	1.22545	
61003.7	12088	4298	0.355559	1	1.93964	1	1.22466	
61005.4	12090	4298	0.3555	2	1.93959	1	1.22463	
61039.6	12095	4302	0.355684	1	1.94743	2	1.22394	
61110.1	12107	4313	0.35624	2	1.94519	1	1.23062	
61128.4	12110	4315	0.356317	1	1.94602	2	1.23025	
61202.7	12125	4329	0.357031	2	1.94365	1	1.23194	
61208.1	12125	4329	0.357031	1	1.94682	1	1.23183	
61218.1	12127	4329	0.356972	2	1.9465	1	1.23163	
61244.6	12131	4329	0.356854	1	1.94624	1	1.23109	
61260.9	12134	4329	0.356766	2	1.94572	0	1.23322	
61352.1	12150	4329	0.356296	2	1.94283	1	1.23139	
61395.5	12162	4340	0.356849	2	1.94146	1	1.23117	
61409.1	12167	4340	0.356703	2	1.94103	0	1.23331	
61466.3	12179	4340	0.356351	1	1.94278	0	1.23216	
61485.3	12183	4340	0.356234	2	1.94218	0	1.23178	
61509.1	12186	4340	0.356146	1	1.94205	1	1.23131	
61528.9	12187	4340	0.356117	1	1.94165	1	1.23091	
61589.6	12192	4340	0.355971	1	1.9471	1	1.2297	
61592.1	12193	4340	0.355942	1	1.94702	1	1.22965	
61626.8	12197	4340	0.355825	2	1.94593	0	1.23105	
61633.3	12199	4340	0.355767	2	1.94572	0	1.23101	
61679.8	12210	4340	0.355446	2	1.94426	0	1.23008	
61749.8	12216	4340	0.355272	1	1.94562	1	1.22868	
61762.1	12219	4340	0.355185	2	1.94523	0	1.22976	
61831	12234	4340	0.354749	1	1.94686	1	1.22839	
61831.2	12234	4340	0.354749	1	1.94685	0	1.22924	
61971.4	12269	4340	0.353737	1	1.94469	0	1.22645	
61979.3	12272	4340	0.353651	2	1.94444	0	1.2263	
61987.6	12276	4340	0.353535	2	1.94418	1	1.22614	
62106.7	12308	4340	0.352616	2	1.94045	1	1.22378	
62167.1	12321	4340	0.352244	1	1.94527	1	1.22259	
62178.7	12323	4340	0.352187	2	1.94491	0	1.22556	
62217.3	12326	4340	0.352101	1	1.94765	0	1.2248	
62337.5	12353	4340	0.351332	2	1.94389	0	1.22244	
62357.9	12356	4340	0.351246	2	1.94325	1	1.22204	
62360.6	12356	4340	0.351246	1	1.94541	1	1.22199	
62403	12363	4345	0.351452	1	1.94779	2	1.22116	
62434.6	12366	4347	0.351528	1	1.94785	2	1.22054	
62474.7	12376	4356	0.351972	1	1.94769	2	1.21976	
62500.2	12381	4360	0.352152	2	1.94689	1	1.22128	
62546.6	12394	4372	0.352751	1	1.94657	2	1.22038	
62601.2	12402	4379	0.353088	1	1.94571	2	1.21931	
62623.9	12405	4381	0.353164	2	1.945	1	1.2234	
62681.6	12412	4387	0.353448	2	1.94321	1	1.22509	
62725.5	12423	4397	0.35394	2	1.94185	1	1.22492	
62730.6	12425	4398	0.353964	2	1.9417	1	1.22652	
62774.2	12437	4409	0.354507	2	1.94035	1	1.22642	
62906.1	12460	4431	0.355618	2	1.93628	1	1.22658	
62980.5	12471	4441	0.356106	1	1.93999	2	1.22513	
62985.7	12472	4441	0.356078	2	1.93983	1	1.22833	
63021.9	12482	4441	0.355792	2	1.93871	1	1.22762	
63049.1	12486	4444	0.355919	1	1.94761	2	1.22709	
63091.5	12495	4452	0.356303	2	1.94631	1	1.22918	
63188.4	12513	4469	0.357149	2	1.94332	1	1.22988	
63203.6	12517	4472	0.357274	1	1.94529	2	1.22959	
63270.5	12530	4484	0.357861	1	1.94425	2	1.22829	
63273.6	12530	4484	0.357861	1	1.94415	1	1.22953	
63345.1	12548	4484	0.357348	2	1.94196	1	1.22815	
63418.8	12560	4495	0.357882	1	1.94182	2	1.22672	
63448.5	12563	4497	0.357956	1	1.94134	2	1.22614	
63457.4	12565	4498	0.357979	2	1.94107	1	1.2317	
63516.4	12575	4507	0.35841	2	1.93927	1	1.23317	
63539.9	12583	4507	0.358182	1	1.94734	1	1.23272	
63579.5	12591	4507	0.357954	2	1.94613	0	1.23378	
63600.1	12596	4507	0.357812	1	1.9464	1	1.23338	
63783.5	12629	4507	0.356877	1	1.94599	1	1.22984	
63793.2	12633	4507	0.356764	2	1.94569	1	1.22965	
63878.4	12647	4520	0.357397	1	1.94724	2	1.22801	
63938.8	12661	4533	0.358029	1	1.94777	2	1.22685	
63965.8	12668	4539	0.358304	2	1.94695	1	1.22875	
63987.8	12669	4539	0.358276	1	1.94702	2	1.22832	
64088.6	12690	4559	0.359259	2	1.94395	1	1.22799	
64150.5	12703	4559	0.358892	2	1.94208	1	1.22681	
64207.5	12712	4567	0.359267	2	1.94035	1	1.2355	
64242.1	12718	4572	0.35949	2	1.93931	1	1.23519	
64267.2	12724	4577	0.359714	1	1.94276	2	1.23471	
64369	12741	4593	0.36049	2	1.93968	1	1.23615	
64382.7	12743	4594	0.360512	2	1.93927	1	1.23804	
64388.7	12745	4595	0.360534	1	1.94699	2	1.23792	
64392.5	12745	4595	0.360534	1	1.94687	1	1.238	
64437.4	12753	4595	0.360307	2	1.94552	1	1.23714	
64456.9	12759	4600	0.36053	2	1.94493	1	1.23699	
64457.7	12759	4600	0.36053	1	1.94591	1	1.23697	
64551.9	12779	4600	0.359966	1	1.94447	1	1.23517	
64582.4	12789	4600	0.359684	2	1.94355	0	1.23787	
64618.1	12793	4600	0.359572	2	1.94248	0	1.23718	
64687.1	12804	4600	0.359263	1	1.94249	1	1.23587	
64787	12829	4600	0.358563	1	1.9475	1	1.23396	
64787.2	12829	4600	0.358563	1	1.94749	1	1.23396	
64796.1	12830	4600	0.358535	1	1.94883	1	1.23379	
64821.9	12832	4600	0.358479	1	1.94835	1	1.23329	
64853.5	12838	4600	0.358311	1	1.9478	1	1.23269	
64968.8	12860	4600	0.357698	1	1.94602	1	1.23051	
65063.1	12881	4600	0.357115	2	1.9432	0	1.23555	
65072.9	12881	4600	0.357115	1	1.94723	0	1.23536	
65112.1	12884	4600	0.357032	1	1.94645	0	1.23462	
65138.6	12889	4600	0.356893	1	1.94826	0	1.23411	
65177.1	12891	4600	0.356838	1	1.94753	0	1.23339	
65185	12892	4600	0.35681	2	1.9473	0	1.23324	
65260.3	12907	4600	0.356396	2	1.94505	1	1.23181	
65266.5	12908	4600	0.356368	1	1.94716	2	1.2317	
65320	12922	4613	0.356988	1	1.94768	2	1.23069	
65415.1	12933	4623	0.357458	2	1.94485	1	1.23118	
65431.9	12936	4625	0.357529	1	1.94684	2	1.23087	
65440.8	12936	4625	0.357529	1	1.94657	1	1.2346	
65457.5	12939	4625	0.357446	2	1.94608	0	1.23491	
65457.6	12939	4625	0.357446	2	1.94607	0	1.23491	
65553.5	12955	4639	0.358086	1	1.94671	2	1.2331	
65559.3	12956	4639	0.358058	2	1.94653	1	1.23447	
65581.8	12963	4645	0.358328	1	1.94794	2	1.23405	
65742.7	12992	4673	0.359683	1	1.94562	2	1.23102	
65753.6	12995	4675	0.359754	2	1.94529	1	1.23516	
65839.5	13003	4682	0.360071	1	1.94709	2	1.23355	
65854.2	13006	4684	0.360141	1	1.94823	2	1.23327	
65866.3	13008	4685	0.360163	2	1.94787	1	1.23769	
65926.4	13018	4685	0.359886	1	1.94715	1	1.23656	
65950.5	13019	4685	0.359859	2	1.94644	0	1.23908	
65967.6	13020	4685	0.359831	1	1.94647	0	1.23876	
65983.2	13022	4685	0.359776	1	1.94608	0	1.23847	
65984	13022	4685	0.359776	1	1.94605	0	1.23846	
65990.6	13024	4685	0.359721	2	1.94586	1	1.23833	
66010.3	13027	4687	0.359791	1	1.94567	2	1.23796	
66105	13045	4704	0.360598	1	1.94429	2	1.23619	
66167.6	13051	4709	0.360815	1	1.94739	2	1.23502	
66188.6	13057	4714	0.361032	2	1.94678	1	1.23765	
66254.5	13068	4724	0.361494	1	1.94685	2	1.23642	
66319	13081	4736	0.362052	2	1.94496	1	1.23713	
66328.3	13083	4736	0.361996	2	1.94469	0	1.24205	
66329.9	13083	4736	0.361996	1	1.94565	0	1.24202	
66418.9	13101	4736	0.361499	1	1.94435	1	1.24035	
66421.8	13102	4736	0.361472	2	1.94426	1	1.2403	
66472.8	13117	4750	0.362125	2	1.94277	1	1.24146	
66505.9	13121	4753	0.362244	1	1.94311	2	1.24085	
66524.2	13124	4755	0.362313	1	1.94792	2	1.2405	
66613.2	13141	4771	0.363062	1	1.94665	2	1.23885	
66660.2	13146	4775	0.363228	1	1.94752	2	1.23797	
66691.8	13156	4784	0.363636	1	1.94703	2	1.23739	
66711.9	13158	4785	0.363657	2	1.94644	1	1.24128	
66735.4	13168	4794	0.364064	2	1.94576	1	1.24477	
66737.9	13169	4794	0.364037	1	1.94627	2	1.24472	
66740.5	13170	4794	0.364009	2	1.94619	1	1.24475	
66761	13172	4794	0.363954	1	1.94594	1	1.24436	
66805	13182	4794	0.363678	1	1.94747	1	1.24355	
66838.1	13188	4794	0.363512	1	1.94763	1	1.24293	
66880.3	13196	4794	0.363292	2	1.94641	1	1.24215	
67022.6	13230	4794	0.362358	1	1.94549	1	1.23951	
67037.9	13235	4794	0.362221	1	1.94526	1	1.23923	
67085.1	13245	4794	0.361948	2	1.9439	0	1.2439	
67165.5	13265	4794	0.361402	1	1.94341	1	1.24241	
67176.3	13269	4794	0.361293	2	1.9431	0	1.24354	
67229.9	13276	4794	0.361103	1	1.94737	1	1.24255	
67310.2	13287	4794	0.360804	2	1.94505	0	1.24303	
67351.8	13292	4794	0.360668	2	1.94385	0	1.24283	
67409.5	13302	4794	0.360397	1	1.94578	1	1.24177	
67447.6	13311	4794	0.360153	1	1.9451	1	1.24107	
67473.6	13313	4794	0.360099	2	1.94435	1	1.24059	
67664.8	13355	4835	0.362037	1	1.94177	2	1.23708	
67682.2	13357	4836	0.362057	2	1.94127	1	1.23984	
67702	13359	4837	0.362078	1	1.94744	2	1.23948	
67796.1	13375	4852	0.362766	2	1.94473	1	1.23937	
67858.7	13386	4862	0.363215	1	1.94574	2	1.23823	
67943.9	13413	4888	0.364423	2	1.9433	1	1.24533	
68039.8	13434	4908	0.365342	2	1.94056	1	1.24715	
68198	13470	4943	0.366964	1	1.94331	2	1.24425	
68234.8	13476	4948	0.367171	2	1.94227	1	1.24628	
68404.8	13508	4948	0.366301	1	1.94541	1	1.24318	
68442.7	13523	4948	0.365895	2	1.94434	1	1.2425	
68456.6	13528	4948	0.36576	1	1.94465	1	1.24224	
68470.6	13530	4948	0.365706	2	1.94425	0	1.2496	
68507	13534	4948	0.365598	2	1.94322	0	1.24939	
68546.1	13546	4948	0.365274	1	1.94341	1	1.24867	
68579.2	13554	4948	0.365058	2	1.94247	0	1.24912	
68585.9	13554	4948	0.365058	2	1.94228	0	1.249	
68653.5	13569	4948	0.364655	1	1.94698	1	1.24777	
68664.3	13572	4948	0.364574	1	1.94837	1	1.24757	
68673	13572	4948	0.364574	0	1.94837	1	1.24742	
68699.5	13575	4948	0.364494	1	1.94799	1	1.24693	
68730.8	13583	4948	0.364279	1	1.94777	1	1.24637	
68799.6	13596	4948	0.363931	1	1.94661	1	1.24512	
68808.1	13597	4948	0.363904	2	1.94637	1	1.24497	
68818.1	13598	4948	0.363877	2	1.94609	1	1.24814	
68866.7	13602	4951	0.363991	1	1.94706	2	1.24726	
68941.6	13618	4966	0.364664	2	1.94495	1	1.24775	
69053.7	13639	4966	0.364103	2	1.94179	1	1.24573	
69065.1	13640	4966	0.364076	1	1.94426	2	1.24552	
69100	13648	4973	0.364376	2	1.94327	1	1.24868	
69115.3	13651	4975	0.364442	1	1.94348	2	1.24841	
69151.8	13661	4984	0.364834	2	1.94246	1	1.24913	
69155.4	13661	4984	0.364834	1	1.94744	1	1.24907	
69345.5	13706	5027	0.366774	1	1.9448	2	1.24564	
69482.5	13737	5057	0.36813	2	1.94096	1	1.24782	
69516.2	13740	5059	0.368195	2	1.94002	1	1.24749	
69553	13745	5059	0.368061	1	1.94527	1	1.24683	
69581.7	13750	5059	0.367927	1	1.94778	1	1.24632	
69622.1	13758	5059	0.367713	2	1.94665	0	1.253	
69719.6	13774	5059	0.367286	2	1.94392	0	1.25125	
69732.7	13775	5059	0.36726	1	1.94562	1	1.25101	
69876.2	13820	5059	0.366064	1	1.94622	1	1.24845	
69924.5	13831	5059	0.365773	1	1.94751	1	1.24758	
70024.7	13848	5059	0.365324	2	1.94472	1	1.2458	
70056	13851	5059	0.365244	2	1.94385	0	1.25004	
70087.8	13855	5059	0.365139	2	1.94297	0	1.24982	
70090.4	13856	5059	0.365113	2	1.9429	0	1.24979	
70124.6	13864	5059	0.364902	2	1.94195	0	1.24964	
70127	13864	5059	0.364902	1	1.94537	0	1.2496	
70171.3	13872	5059	0.364691	1	1.94476	0	1.24881	
70214.4	13876	5059	0.364586	2	1.94357	0	1.24804	
70265.7	13882	5059	0.364429	2	1.94215	0	1.24781	
70404.4	13906	5059	0.3638	2	1.93832	0	1.2473	
70414.2	13909	5059	0.363721	1	1.94473	1	1.24713	
70435.8	13913	5059	0.363617	1	1.94435	1	1.24674	
70436.1	13913	5059	0.363617	1	1.94434	1	1.24674	
70479.5	13919	5059	0.36346	2	1.94315	1	1.24597	
70481.8	13920	5059	0.363434	2	1.94308	1	1.24595	
70709.8	13973	5059	0.362055	2	1.93682	0	1.24625	
70746.8	13982	5059	0.361822	1	1.94016	1	1.2456	
70776.6	13988	5059	0.361667	1	1.94786	1	1.24507	
70803.8	13993	5059	0.361538	1	1.94745	1	1.2446	
70822.6	13994	5059	0.361512	1	1.94712	1	1.24426	
70869.9	14003	5059	0.36128	2	1.94582	1	1.24343	
70900	14009	5064	0.361482	1	1.94593	2	1.24291	
70928.5	14014	5068	0.361638	2	1.94515	1	1.24321	
70937.8	14014	5068	0.361638	2	1.94489	1	1.24304	
71040.7	14031	5068	0.3612	1	1.94399	1	1.24124	
71108.5	14047	5068	0.360789	1	1.94711	1	1.24006	
71125.9	14050	5068	0.360712	1	1.94671	1	1.23976	
71162.6	14055	5068	0.360583	1	1.94735	1	1.23912	
71188.7	14057	5068	0.360532	2	1.94664	0	1.24533	
71189.4	14057	5068	0.360532	2	1.94662	0	1.24532	
71243.8	14073	5068	0.360122	2	1.94513	1	1.24437	
71265.6	14078	5068	0.359994	2	1.94454	1	1.24399	
71278.7	14082	5071	0.360105	1	1.94568	2	1.24376	
71292.5	14088	5076	0.360307	1	1.94762	2	1.24352	
71300	14090	5077	0.360326	2	1.94741	1	1.24483	
71328.4	14100	5077	0.360071	2	1.94664	0	1.24518	
71368.2	14108	5077	0.359867	2	1.94555	0	1.24504	
71396.2	14112	5077	0.359765	2	1.94479	1	1.24455	
71416.7	14113	5077	0.359739	2	1.94423	1	1.24485	
71475.4	14122	5085	0.360076	1	1.94537	2	1.24383	
71491.1	14122	5085	0.360076	1	1.94494	1	1.24458	
71627.7	14147	5085	0.35944	1	1.94311	1	1.2422	
71631.9	14148	5085	0.359415	2	1.943	1	1.24213	
71652.4	14152	5088	0.359525	2	1.94244	1	1.24525	
71668.5	14155	5088	0.359449	2	1.942	1	1.24497	
71769.9	14177	5109	0.360372	1	1.94123	2	1.24321	
71780.4	14180	5111	0.360437	1	1.94109	2	1.24303	
71786.1	14181	5111	0.360412	2	1.94094	1	1.24496	
71806.8	14184	5113	0.360477	2	1.94038	1	1.24651	
71815.8	14185	5113	0.360451	2	1.94013	1	1.24646	
71858.1	14190	5117	0.360606	2	1.93899	1	1.24616	
71879.4	14193	5117	0.36053	2	1.93842	0	1.24709	
71937	14199	5117	0.360377	1	1.9458	0	1.24609	
71953.1	14202	5117	0.360301	1	1.94772	0	1.24581	
71974.8	14209	5117	0.360124	1	1.94739	0	1.24544	
71995.8	14214	5117	0.359997	2	1.94683	0	1.24507	
72017.4	14215	5117	0.359972	2	1.94624	0	1.2447	
72025.3	14216	5117	0.359947	2	1.94603	1	1.24456	
72042.1	14219	5119	0.360011	2	1.94557	1	1.24445	
72053.4	14224	5123	0.360166	2	1.94527	1	1.24439	
72175	14249	5123	0.359534	2	1.94199	1	1.24229	
72290.2	14275	5148	0.36063	2	1.9389	1	1.24404	
72302.2	14277	5148	0.36058	1	1.94299	1	1.24384	
72340.9	14282	5148	0.360454	1	1.94243	1	1.24317	
72365.3	14284	5148	0.360403	2	1.94177	1	1.24275	
72370.4	14284	5148	0.360403	1	1.94198	1	1.24266	
72378	14284	5148	0.360403	0	1.94786	1	1.24253	
72438.2	14294	5148	0.360151	2	1.94624	0	1.24513	
72505.7	14305	5148	0.359874	2	1.94443	1	1.24397	
72516.6	14308	5150	0.359938	2	1.94414	1	1.24392	
72555.3	14319	5160	0.36036	2	1.9431	1	1.24379	
72562	14320	5160	0.360335	1	1.94528	2	1.24367	
72604.7	14329	5168	0.360667	1	1.94714	2	1.24294	
72618.3	14333	5171	0.360776	2	1.94677	1	1.24509	
72620.6	14333	5171	0.360776	1	1.94751	1	1.24505	
72695	14347	5171	0.360424	2	1.94551	1	1.24378	
72695.5	14347	5171	0.360424	1	1.94645	1	1.24377	
72738.6	14353	5171	0.360273	2	1.9453	1	1.24303	
72782.4	14361	5178	0.36056	1	1.94657	2	1.24228	
72823.6	14370	5186	0.360891	1	1.94711	2	1.24158	
72854	14375	5190	0.361043	1	1.94713	2	1.24106	
72854.8	14375	5190	0.361043	0	1.94752	2	1.24105	
72988.4	14403	5216	0.362147	1	1.94567	2	1.23878	
73023.7	14406	5218	0.36221	1	1.947	2	1.23818	
73040.2	14410	5221	0.362318	2	1.94657	1	1.24187	
73060.7	14415	5225	0.36247	2	1.94602	1	1.24843	
73171.6	14439	5248	0.36346	2	1.94307	1	1.24831	
73183.3	14441	5249	0.363479	1	1.9452	2	1.24811	
73184.2	14441	5249	0.363479	0	1.94731	2	1.24809	
73232.9	14449	5255	0.363693	2	1.94601	1	1.24953	
73264.5	14453	5258	0.3638	2	1.94517	1	1.25025	
73277.2	14455	5258	0.36375	2	1.94484	1	1.25004	
73378.9	14474	5276	0.364516	2	1.94214	1	1.2502	
73392.8	14474	5276	0.364516	1	1.94459	1	1.24996	
73416.7	14480	5276	0.364365	2	1.94396	1	1.24955	
73417.2	14480	5276	0.364365	1	1.94699	1	1.24955	
73543.4	14496	5276	0.363962	2	1.94365	1	1.2474	
73560.5	14498	5277	0.363981	1	1.94511	2	1.24711	
73643.2	14517	5295	0.364745	1	1.94626	2	1.24571	
73792.1	14548	5325	0.36603	2	1.94233	1	1.25007	
73861.9	14566	5325	0.365577	2	1.9405	1	1.24889	
73890.6	14568	5325	0.365527	1	1.94302	1	1.24841	
74008.9	14590	5325	0.364976	2	1.93991	0	1.2527	
74010.6	14590	5325	0.364976	2	1.93987	0	1.25267	
74038.4	14602	5335	0.365361	1	1.94112	2	1.2522	
74119.5	14617	5349	0.365944	2	1.939	1	1.2523	
74125.4	14618	5349	0.365919	2	1.93884	1	1.25227	
74143.2	14622	5352	0.366024	2	1.93838	1	1.25374	
74215.5	14631	5360	0.366345	1	1.94529	2	1.25251	
74218.8	14631	5360	0.366345	0	1.9476	2	1.25246	
74242.9	14634	5361	0.366339	2	1.94697	1	1.25335	
74307.4	14647	5373	0.366833	1	1.94636	2	1.25226	
74381.1	14671	5396	0.3678	1	1.9463	2	1.25102	
74428.1	14677	5401	0.367991	1	1.94669	2	1.25023	
74535.1	14690	5413	0.368482	1	1.94512	2	1.24844	
74611.3	14709	5431	0.36923	2	1.94313	1	1.25208	
74633.1	14717	5438	0.369505	2	1.94256	1	1.25198	
74671.9	14719	5439	0.369522	2	1.94155	1	1.2586	
74677.5	14720	5439	0.369497	1	1.94525	2	1.25851	
74694.3	14722	5440	0.369515	1	1.94497	2	1.25823	
74859.2	14757	5474	0.370943	2	1.94068	1	1.25795	
74906.5	14761	5477	0.371045	1	1.94223	2	1.25715	
74999.7	14779	5494	0.371744	1	1.94092	2	1.25559	
75001.9	14780	5494	0.371719	1	1.94088	2	1.25555	
75043.6	14784	5497	0.371821	2	1.93981	1	1.26002	
75167.9	14814	5526	0.373026	2	1.9366	1	1.25957	
75177	14814	5526	0.373026	1	1.94482	1	1.25942	
75181.2	14814	5526	0.373026	1	1.94472	0	1.26361	
75201.1	14815	5526	0.373	1	1.94659	0	1.26327	
75299.6	14833	5526	0.372548	2	1.94405	0	1.26162	
75308.9	14835	5526	0.372497	1	1.94509	1	1.26146	
75377.2	14848	5526	0.372171	2	1.94332	1	1.26032	
75400.5	14855	5532	0.3724	2	1.94272	1	1.26024	
75415.3	14857	5533	0.372417	1	1.94358	2	1.25999	
75475.2	14871	5546	0.372941	1	1.94571	2	1.25899	
75562.3	14880	5554	0.373253	1	1.94457	2	1.25754	
75774.7	14915	5588	0.374656	2	1.93912	1	1.26021	
75847.8	14932	5604	0.375301	1	1.94098	2	1.25899	
76044.8	14971	5642	0.376862	1	1.94412	2	1.25573	
76098.4	14988	5658	0.377502	2	1.94275	1	1.26401	
76144.1	14996	5658	0.377301	1	1.94542	1	1.26325	
76378.4	15047	5658	0.376022	2	1.93945	0	1.26726	
76465.7	15066	5658	0.375548	2	1.93724	0	1.26694	
76496.8	15068	5658	0.375498	1	1.94101	1	1.26643	
76510.4	15071	5658	0.375423	2	1.94067	0	1.2666	
76517.7	15072	5658	0.375398	2	1.94048	0	1.26647	
76526.6	15074	5658	0.375348	1	1.94647	0	1.26633	
76560.9	15081	5658	0.375174	2	1.9456	0	1.26576	
76561.1	15081	5658	0.375174	1	1.94635	0	1.26576	
76592.2	15084	5658	0.375099	2	1.94556	0	1.26524	
76593	15084	5658	0.375099	1	1.94613	0	1.26523	
76594.6	15084	5658	0.375099	1	1.94609	0	1.2652	
76651	15096	5667	0.375397	2	1.94466	1	1.26498	
76698.6	15100	5670	0.375497	2	1.94345	1	1.26481	
76788.6	15118	5687	0.376174	1	1.94369	2	1.26333	
76925.1	15142	5710	0.377097	1	1.94468	2	1.26109	
76945.5	15147	5714	0.377236	2	1.94416	1	1.26526	
76993	15155	5721	0.377499	2	1.94296	1	1.2683	
77038.4	15161	5721	0.37735	2	1.94182	1	1.26755	
77064.6	15164	5721	0.377275	1	1.94467	1	1.26712	
77174.1	15189	5721	0.376654	2	1.94191	0	1.26826	
77201.9	15191	5721	0.376605	2	1.94122	1	1.26781	
77213.4	15196	5725	0.376744	2	1.94093	1	1.26805	
77291.6	15217	5745	0.377538	1	1.9437	2	1.26676	
77331.4	15226	5753	0.377841	2	1.9427	1	1.26761	
77376.1	15236	5762	0.378183	1	1.94266	2	1.26688	
77487.1	15256	5781	0.378933	1	1.94522	2	1.26506	
77519.8	15263	5787	0.379152	2	1.9444	1	1.26861	
77590.1	15278	5801	0.379696	1	1.94534	2	1.26746	
77626.2	15286	5808	0.379956	1	1.94619	2	1.26687	
77634.1	15287	5808	0.379931	2	1.94599	1	1.26821	
77641.2	15289	5809	0.379946	2	1.94582	1	1.27208	
77643.1	15289	5809	0.379946	1	1.94642	1	1.27205	
77653	15292	5809	0.379872	1	1.94625	1	1.27189	
77661.2	15297	5809	0.379748	1	1.94645	1	1.27176	
77674.2	15300	5809	0.379673	2	1.94612	0	1.27201	
77708.4	15303	5809	0.379599	2	1.94526	0	1.27145	
77754.1	15312	5809	0.379376	2	1.94412	0	1.2707	
77789.8	15319	5809	0.379202	1	1.94488	0	1.27012	
77834.3	15328	5809	0.37898	1	1.94604	0	1.26939	
77868.1	15335	5809	0.378807	2	1.9452	0	1.26884	
77918.2	15348	5809	0.378486	2	1.94395	0	1.26802	
77938.5	15351	5809	0.378412	1	1.9447	1	1.26769	
77993.8	15353	5809	0.378363	1	1.94396	1	1.26679	
78022.7	15358	5809	0.378239	2	1.94323	0	1.26764	
78078.1	15367	5809	0.378018	2	1.94186	0	1.26745	
78083.8	15367	5809	0.378018	1	1.94547	0	1.26735	
78120.6	15375	5809	0.377821	2	1.94455	0	1.26676	
78123.3	15375	5809	0.377821	1	1.94492	0	1.26671	
78155.3	15382	5809	0.377649	1	1.94451	1	1.26619	
78198.5	15393	5809	0.377379	2	1.94344	1	1.26549	
78213.7	15396	5809	0.377306	2	1.94306	1	1.26525	
78317.7	15412	5824	0.377887	1	1.94254	2	1.26357	
78335.6	15413	5824	0.377863	1	1.94639	2	1.26328	
78363.3	15417	5827	0.377959	2	1.94571	1	1.26472	
78423.9	15424	5833	0.378177	1	1.94552	2	1.26375	
78440.7	15426	5834	0.378193	2	1.9451	1	1.2675	
78489.2	15432	5834	0.378046	2	1.9439	0	1.26828	
78596.8	15450	5834	0.377605	2	1.94124	1	1.26655	
78634.5	15458	5841	0.377863	2	1.94031	1	1.26631	
78647.8	15459	5841	0.377838	2	1.93998	1	1.268	
78717.3	15469	5850	0.378176	2	1.93827	1	1.26789	
78754.6	15474	5854	0.378312	2	1.93735	1	1.26764	
78843.8	15493	5872	0.37901	2	1.93516	1	1.26732	
78880.1	15501	5872	0.378814	1	1.94101	1	1.26674	
78976.6	15512	5872	0.378546	1	1.93972	1	1.26519	
79090.5	15534	5872	0.37801	1	1.93829	1	1.26337	
79159.6	15542	5872	0.377815	2	1.9366	1	1.26227	
79185.6	15549	5872	0.377645	2	1.93596	0	1.26864	
79203.2	15551	5872	0.377596	1	1.94532	0	1.26836	
79231.1	15556	5872	0.377475	2	1.94464	0	1.26791	
79245.2	15558	5872	0.377426	1	1.94615	1	1.26769	
79260.9	15559	5872	0.377402	1	1.94582	1	1.26744	
79471	15596	5872	0.376507	1	1.9433	1	1.26408	
79613.6	15619	5872	0.375952	2	1.93982	1	1.26182	
79667.6	15630	5882	0.376328	1	1.94095	2	1.26097	
79697	15633	5884	0.376383	2	1.94024	1	1.26627	
79723	15637	5884	0.376287	2	1.93961	0	1.26712	
79743	15642	5884	0.376167	1	1.94	0	1.26681	
79788.2	15650	5884	0.375974	2	1.9389	0	1.26609	
79865.5	15664	5884	0.375638	2	1.93703	0	1.26486	
79890.8	15668	5884	0.375543	2	1.93642	0	1.26446	
79987.9	15691	5884	0.374992	1	1.94377	0	1.26293	
80024.4	15702	5884	0.374729	1	1.94634	0	1.26235	
80056.5	15705	5884	0.374658	2	1.94556	0	1.26185	
80060.2	15705	5884	0.374658	1	1.94637	0	1.26179	
80184.1	15732	5884	0.374015	1	1.94483	0	1.25984	
80194.3	15734	5884	0.373967	2	1.94458	0	1.25968	
80288.4	15758	5884	0.373398	2	1.9423	0	1.2582	
80346.8	15768	5884	0.373161	2	1.94089	1	1.25729	
80443.7	15792	5907	0.37405	2	1.93855	1	1.25767	
80474.1	15800	5914	0.374304	2	1.93782	1	1.25757	
80533.7	15811	5924	0.374676	1	1.94071	2	1.25664	
80544.7	15814	5926	0.374731	1	1.94056	2	1.25647	
80649.4	15834	5945	0.375458	1	1.94573	2	1.25484	
80703.3	15847	5957	0.375907	1	1.945	2	1.254	
80745.9	15857	5966	0.376238	1	1.94438	2	1.25334	
80770.2	15860	5968	0.376293	2	1.94379	1	1.25818	
80800	15868	5975	0.376544	2	1.94307	1	1.25807	
80814.2	15869	5975	0.37652	2	1.94273	0	1.26204	
80815.9	15869	5975	0.37652	1	1.94352	0	1.26201	
80881.4	15878	5975	0.376307	1	1.94276	1	1.26099	
80892.3	15882	5975	0.376212	1	1.94258	1	1.26082	
80940.9	15891	5975	0.375999	1	1.94626	1	1.26006	
80992.2	15900	5975	0.375786	1	1.94625	1	1.25926	
80993.6	15901	5975	0.375763	1	1.94671	1	1.25924	
81073.9	15919	5975	0.375338	2	1.94479	0	1.26114	
81100.3	15923	5975	0.375243	1	1.94544	0	1.26072	
81136.3	15928	5975	0.375126	1	1.94635	0	1.26017	
81230.6	15946	5975	0.374702	1	1.9452	0	1.2587	
81311	15964	5975	0.37428	1	1.94574	0	1.25746	
81350.1	15971	5975	0.374116	1	1.94526	0	1.25685	
81403.7	15982	5975	0.373858	1	1.94607	0	1.25603	
81411.8	15983	5975	0.373835	1	1.9459	0	1.2559	
81587	16022	5975	0.372925	2	1.94173	0	1.2532	
81593.9	16022	5975	0.372925	1	1.94445	0	1.2531	
81622.6	16026	5975	0.372832	1	1.94405	0	1.25266	
81652.2	16031	5975	0.372715	1	1.94367	0	1.2522	
81696.1	16039	5975	0.372529	2	1.94262	0	1.25153	
81728.3	16042	5975	0.37246	1	1.94278	0	1.25104	
81781.9	16048	5975	0.372321	1	1.9459	0	1.25022	
81788.4	16048	5975	0.372321	1	1.94575	0	1.25012	
81816.7	16056	5975	0.372135	2	1.94507	0	1.24999	
81823.6	16059	5975	0.372066	2	1.94491	0	1.24993	
81852.2	16065	5975	0.371927	2	1.94423	1	1.24949	
81874.7	16069	5978	0.372021	2	1.9437	1	1.24975	
81875.3	16069	5978	0.372021	1	1.94547	1	1.24974	
81893.9	16072	5979	0.372013	2	1.94503	1	1.24992	
81907.3	16072	5979	0.372013	1	1.94509	1	1.24971	
81930.7	16080	5979	0.371828	1	1.94625	1	1.24936	
81992.2	16091	5979	0.371574	1	1.94544	1	1.24842	
82033.8	16099	5979	0.37139	1	1.94596	1	1.24779	
82035.3	16101	5979	0.371343	2	1.94593	0	1.24952	
82067.7	16111	5979	0.371113	1	1.94556	0	1.24903	
82073.5	16114	5979	0.371044	2	1.94542	0	1.24894	
82099.2	16119	5979	0.370929	1	1.94516	1	1.24855	
82105.2	16119	5979	0.370929	1	1.94502	0	1.24871	
82119.6	16121	5979	0.370883	2	1.94468	0	1.24849	
82168.8	16128	5979	0.370722	2	1.94351	0	1.24774	
82189.8	16132	5979	0.37063	1	1.94395	1	1.24742	
82239.9	16144	5979	0.370354	1	1.94329	1	1.24666	
82410.1	16173	5979	0.36969	1	1.94125	1	1.24409	
82422.5	16179	5979	0.369553	2	1.94096	0	1.24697	
82490.6	16196	5979	0.369165	2	1.93936	0	1.24676	
82707.1	16244	5979	0.368074	2	1.93428	1	1.2435	
82749.7	16255	5989	0.36844	1	1.94242	2	1.24286	
82776.3	16262	5995	0.368651	2	1.9418	1	1.24589	
82881.2	16284	6016	0.369442	2	1.93934	1	1.24638	
82918.7	16293	6016	0.369238	1	1.94457	1	1.24582	
83000	16306	6016	0.368944	1	1.94361	1	1.2446	
83066	16314	6016	0.368763	2	1.94207	0	1.24703	
83129.2	16331	6016	0.368379	1	1.94514	0	1.24608	
83130.3	16331	6016	0.368379	1	1.94512	0	1.24606	
83274.9	16359	6016	0.367749	2	1.94174	1	1.2439	
83293.4	16362	6018	0.367803	2	1.94131	1	1.24554	
83431.1	16380	6035	0.368437	2	1.93811	1	1.24512	
83550.1	16398	6052	0.369069	2	1.93535	1	1.24664	
83642.2	16416	6052	0.368665	2	1.93321	0	1.24778	
83666.8	16424	6052	0.368485	2	1.93265	1	1.24741	
83790.1	16444	6052	0.368037	2	1.9298	1	1.24557	
83813.8	16446	6052	0.367992	1	1.9374	1	1.24522	
83835.6	16448	6052	0.367947	2	1.93689	1	1.2449	
83840	16450	6053	0.367964	1	1.94669	2	1.24483	
83891.8	16457	6059	0.368172	1	1.94608	2	1.24406	
83927.9	16466	6067	0.368456	2	1.94524	1	1.24692	
83943	16468	6068	0.368472	1	1.9454	2	1.2467	
83951.2	16468	6068	0.368472	1	1.94521	1	1.24795	
83972.4	16472	6070	0.368504	1	1.94655	2	1.24764	
84068.9	16486	6083	0.36898	2	1.94431	1	1.24748	
84121	16496	6092	0.369302	2	1.94311	1	1.24897	
84190.7	16509	6104	0.369738	2	1.9415	1	1.24874	
84225.9	16516	6110	0.369944	2	1.94069	1	1.25004	
84329.3	16535	6128	0.370608	1	1.94247	2	1.24851	
84344.2	16538	6130	0.370662	2	1.94213	1	1.24954	
84485.7	16560	6130	0.370169	1	1.94509	1	1.24745	
84528.9	16574	6130	0.369856	2	1.9441	0	1.25073	
84600.9	16590	6130	0.3695	2	1.94244	1	1.24966	
84736.6	16616	6155	0.370426	2	1.93933	1	1.24924	
84846.2	16629	6167	0.370858	2	1.93683	1	1.2489	
84856.5	16630	6167	0.370836	1	1.9428	2	1.24874	
84883.6	16633	6169	0.370889	2	1.94218	1	1.25252	
84961.8	16647	6182	0.371358	1	1.94581	2	1.25136	
85001.7	16651	6185	0.371449	2	1.9449	1	1.25256	
85006.1	16652	6185	0.371427	2	1.9448	1	1.25393	
85044.7	16659	6191	0.371631	1	1.94597	2	1.25336	
85154.8	16672	6203	0.372061	1	1.94469	2	1.25174	
85230.1	16692	6222	0.372753	1	1.94602	2	1.25063	
85232.4	16693	6222	0.372731	2	1.94597	1	1.2532	
85345.5	16712	6222	0.372307	1	1.9456	1	1.25153	
85424.8	16726	6222	0.371996	2	1.94379	0	1.25531	
85445.7	16732	6222	0.371862	1	1.94447	1	1.255	
85482.9	16738	6222	0.371729	2	1.94363	1	1.25445	
85483.1	16738	6222	0.371729	2	1.94362	0	1.25511	
85610.4	16766	6222	0.371108	2	1.94073	0	1.25325	
85621.2	16767	6222	0.371086	1	1.94505	1	1.25309	
85660.9	16777	6222	0.370865	2	1.94415	0	1.2531	
85678.9	16779	6222	0.370821	1	1.94441	1	1.25283	
85706.2	16783	6222	0.370732	1	1.94674	1	1.25243	
85738.2	16787	6222	0.370644	2	1.94601	0	1.25287	
85745.8	16789	6222	0.3706	2	1.94584	0	1.25276	
85756.6	16790	6222	0.370578	2	1.94559	0	1.2526	
85780.8	16793	6222	0.370512	1	1.94576	1	1.25224	
85791	16794	6222	0.370489	1	1.9456	1	1.2521	
85893.5	16814	6222	0.370049	1	1.94438	1	1.2506	
86054.7	16842	6222	0.369434	2	1.94073	1	1.24826	
86069.1	16844	6223	0.369449	2	1.94041	1	1.25165	
86081	16848	6226	0.369539	2	1.94014	1	1.25175	
86211.6	16880	6257	0.370675	2	1.9372	1	1.25133	
86235.9	16885	6261	0.370802	1	1.94049	2	1.25098	
86304.4	16898	6273	0.371227	1	1.94616	2	1.24998	
86382	16915	6289	0.3718	2	1.94442	1	1.25245	
86382.5	16916	6289	0.371778	2	1.9444	1	1.25244	
