221.612	16	0	0	0	0	0	0	
223.498	16	0	0	0	0	0	0	
253.853	21	0	0	2	0	0	0	
334.542	35	0	0	3	0	0	0	
350.078	36	0	0	2	0.273508	0	0	
363.677	40	0	0	3	0.26328	0	0	
461.827	49	0	0	2	0.716099	0	0	
486.941	54	0	0	2	0.726671	0	0	
514.716	57	0	0	2	0.687459	0	0	
644.367	68	0	0	2	0.549137	0	0	
718.928	73	0	0	1	1.00287	0	0	
719.825	73	0	0	0	1.68928	0	0	
818.835	84	0	0	2	1.48502	0	0	
819.788	84	0	0	2	1.48329	0	0	
848.856	88	0	0	3	1.56615	0	0	
875.507	88	0	0	2	1.57774	0	0	
908.197	92	0	0	2	1.55623	0	0	
959.824	96	0	0	2	1.51512	0	0	
986.453	99	0	0	1	1.63841	0	0	
1021.26	103	0	0	1	1.58257	0	0	
1085.45	108	0	0	1	1.54475	0	0	
1221.65	119	0	0	1	1.37254	0	0	
1304.39	123	0	0	1	1.28547	0	0	
1445.5	137	0	0	1	1.15999	0	0	
1452.74	137	0	0	0	1.64855	0	0	
1519.26	143	0	0	1	1.60055	0	0	
1674.78	164	0	0	1	1.45192	0	0	
1721.62	169	0	0	1	1.41242	0	0	
1829.2	176	0	0	1	1.53304	0	0	
1861.67	180	0	0	0	1.58066	0	0	
1893.86	182	0	0	1	1.55378	0	0	
1900.87	182	0	0	1	1.54806	0	0	
1962.77	187	0	0	2	1.49924	0	0	
1990.77	188	0	0	2	1.5229	0	0	
2078.18	202	0	0	1	1.51385	0	0	
2139.78	206	0	0	1	1.47027	0	0	
2245.69	214	0	0	1	1.4478	0	0	
2298.83	218	0	0	0	1.59708	0	0	
2338.46	222	0	0	1	1.57001	0	0	
2387.4	235	0	0	1	1.53783	0	0	
2506.68	246	0	0	1	1.54576	0	0	
2537.18	250	0	0	1	1.58577	0	0	
2554.19	253	0	0	1	1.57521	0	0	
2558.87	253	0	0	0	1.59026	0	0	
2702.98	263	0	0	0	1.50547	0	0	
2703.42	263	0	0	0	1.50523	0	0	
2745.22	269	0	0	0	1.48231	0	0	
2781.08	271	0	0	0	1.4632	0	0	
2870.86	282	0	0	0	1.44756	0	0	
2976.47	293	0	0	0	1.3962	0	0	
3039	297	0	0	0	1.36748	0	0	
3088.36	300	0	0	0	1.34562	0	0	
3106.4	303	0	0	0	1.3378	0	0	
3158.04	308	0	0	0	1.31593	0	0	
3233.64	318	0	0	0	1.28516	0	0	
3237.76	320	0	0	0	1.2838	0	0	
3245.04	321	0	0	0	1.28256	0	0	
3278.01	325	0	0	0	1.27933	0	0	
3291.64	325	0	0	0	1.27404	0	0	
3345.61	333	0	0	0	1.25348	0	0	
3354.51	337	0	0	1	1.25016	0	0	
3388.45	340	0	0	1	1.23763	0	0	
3410.61	342	0	0	1	1.22959	0	0	
3484.9	349	0	0	1	1.20338	0	0	
3503.19	350	0	0	1	1.1971	0	0	
3513.02	350	0	0	1	1.19375	0	0	
3528.8	352	0	0	1	1.18841	0	0	
3663.11	367	0	0	0	1.23116	0	0	
3672.25	368	0	0	1	1.22809	0	0	
3704.58	369	0	0	1	1.21831	0	0	
3780.24	376	0	0	2	1.19393	0	0	
3801.93	379	0	0	3	1.18711	0	0	
3867.64	383	0	0	2	1.18885	0	0	
3913.26	386	0	0	2	1.17499	0	0	
4054.61	405	0	0	1	1.21991	0	0	
4091.44	409	0	0	1	1.21005	0	0	
4162.6	416	0	0	1	1.20571	0	0	
4173.4	421	0	0	1	1.20485	0	0	
4186.07	421	0	0	1	1.2012	0	0	
4226.15	423	0	0	1	1.32291	0	0	
4247.44	423	0	0	1	1.31628	0	0	
4260.29	423	0	0	1	1.31231	0	0	
4274.4	426	0	0	1	1.30798	0	0	
4276.71	428	0	0	1	1.30777	0	0	
4303.96	429	0	0	1	1.29949	0	0	
4333.48	429	0	0	1	1.29063	0	0	
4355.24	429	0	0	1	1.28419	0	0	
4382.53	430	0	0	1	1.27619	0	0	
4429.63	436	0	0	0	1.31715	0	0	
4474.07	441	0	0	0	1.30407	0	0	
4601.9	455	0	0	0	1.26784	0	0	
4611.53	456	0	0	1	1.2652	0	0	
4627.13	458	0	0	1	1.26635	0	0	
4739.25	475	0	0	1	1.23639	0	0	
4764.44	476	0	0	1	1.22985	0	0	
4772.99	477	0	0	0	1.25979	0	0	
4784.11	477	0	0	0	1.25686	0	0	
4802.58	481	0	0	1	1.25203	0	0	
4854.39	489	0	0	1	1.24932	0	0	
4980	504	0	0	2	1.21781	0	0	
5047.19	507	0	0	2	1.25349	0	0	
5228.71	526	0	0	1	1.27805	0	0	
5242.97	528	0	0	1	1.32235	0	0	
5405.11	549	0	0	1	1.28268	0	0	
5421.48	552	0	0	1	1.27881	0	0	
5434.65	553	0	0	1	1.27738	0	0	
5499.1	560	0	0	0	1.31127	0	0	
5541.37	564	0	0	0	1.30127	0	0	
5549.87	566	0	0	1	1.29928	0	0	
5679.55	574	0	0	1	1.29392	0	0	
5707.38	577	0	0	1	1.28761	0	0	
5719.75	577	0	0	0	1.31367	0	0	
5828.12	583	0	0	0	1.28924	0	0	
5870.68	586	0	0	1	1.2799	0	0	
5923.1	593	0	0	1	1.27653	0	0	
5953.79	595	0	0	1	1.26995	0	0	
5981.2	597	0	0	1	1.26413	0	0	
5992.76	597	0	0	1	1.26169	0	0	
6012.3	599	0	0	0	1.285	0	0	
6012.55	599	0	0	0	1.28495	0	0	
6015.36	600	0	0	0	1.28479	0	0	
6021.03	601	0	0	1	1.28358	0	0	
6115.14	612	0	0	0	1.28009	0	0	
6130.86	613	0	0	0	1.27681	0	0	
6229.66	624	0	0	1	1.25656	0	0	
6316.57	638	0	0	1	1.23927	0	0	
6343.73	640	0	0	0	1.26739	0	0	
6456.9	653	0	0	1	1.24518	0	0	
6606.74	659	0	0	1	1.21694	0	0	
6619.21	662	0	0	2	1.21465	0	0	
6625.25	663	0	0	2	1.25589	0	0	
6643.16	664	0	0	3	1.25251	0	0	
6711.63	667	0	0	2	1.25192	0	0	
6717.04	667	0	0	1	1.26481	0	0	
6740.47	670	0	0	1	1.28001	0	0	
6754.94	672	0	0	0	1.28219	0	0	
6895.56	684	0	0	0	1.25605	0	0	
6907.99	685	0	0	1	1.25379	0	0	
6935.36	689	0	0	2	1.24884	0	0	
6955.21	690	0	0	1	1.25194	0	0	
7018.81	694	0	0	2	1.2406	0	0	
7104.4	702	0	0	2	1.22565	0	0	
7146.4	705	0	0	2	1.22355	0	0	
7153.99	705	0	0	1	1.24828	0	0	
7155.65	705	0	0	0	1.28309	0	0	
7254.03	711	0	0	2	1.26569	0	0	
7342.76	718	0	0	2	1.27403	0	0	
7349.26	719	0	0	2	1.29741	0	0	
7406.09	727	0	0	1	1.30736	0	0	
7460.51	736	0	0	0	1.31344	0	0	
7472.25	737	0	0	0	1.31138	0	0	
7555.43	748	0	0	0	1.29694	0	0	
7630.48	754	0	0	0	1.28418	0	0	
7667.13	756	0	0	0	1.27804	0	0	
7765.99	764	0	0	1	1.26178	0	0	
7770.22	764	0	0	1	1.26109	0	0	
7790.33	766	0	0	1	1.25975	0	0	
7806.19	767	0	0	1	1.25719	0	0	
7859.36	776	0	0	2	1.24869	0	0	
7883.29	777	0	0	3	1.2449	0	0	
7895.15	777	0	0	2	1.27171	0	0	
7959.67	782	0	0	1	1.27272	0	0	
8060.95	795	0	0	1	1.25672	0	0	
8073.1	796	0	0	1	1.25629	0	0	
8118.19	801	0	0	1	1.24931	0	0	
8192.43	805	0	0	1	1.23799	0	0	
8197.8	806	0	0	0	1.28405	0	0	
8263.31	812	0	0	0	1.28167	0	0	
8307.67	816	0	0	0	1.27916	0	0	
8401	820	0	0	0	1.26495	0	0	
8452.41	828	0	0	1	1.25726	0	0	
8469.53	829	0	0	1	1.25472	0	0	
8494.29	830	0	0	1	1.25106	0	0	
8525.73	834	0	0	0	1.26096	0	0	
8558.42	845	0	0	1	1.25614	0	0	
8614.35	849	0	0	0	1.25822	0	0	
8631.97	857	0	0	1	1.25565	0	0	
8697.1	865	0	0	2	1.24624	0	0	
8752.08	868	0	0	1	1.25203	0	0	
8813.94	874	0	0	0	1.26588	0	0	
8879.2	881	0	0	0	1.26366	0	0	
8993.5	889	0	0	1	1.2476	0	0	
9054.74	897	0	0	1	1.2581	0	0	
9081.8	897	0	0	1	1.25436	0	0	
9141.18	908	0	0	1	1.24621	0	0	
9232.91	915	0	0	1	1.23383	0	0	
9236.21	915	0	0	0	1.25772	0	0	
9390.36	930	0	0	0	1.23708	0	0	
9423.99	932	0	0	0	1.23266	0	0	
9444.23	934	0	0	1	1.23002	0	0	
9469.08	937	0	0	2	1.22679	0	0	
9628.4	953	0	0	2	1.20649	0	0	
9633.61	953	0	0	1	1.22501	0	0	
9644.39	953	0	0	1	1.22364	0	0	
9666.69	953	0	0	1	1.22082	0	0	
9670.91	954	0	0	1	1.22029	0	0	
9716.32	956	0	0	0	1.24447	0	0	
9716.97	957	0	0	0	1.24439	0	0	
9774.52	962	0	0	0	1.23706	0	0	
9837.33	976	0	0	1	1.22917	0	0	
9905.85	983	0	0	2	1.22066	0	0	
9913.66	985	0	0	2	1.23366	0	0	
10064.4	996	0	0	1	1.23056	0	0	
10120.7	1003	0	0	1	1.22372	0	0	
10173.7	1012	0	0	1	1.21734	0	0	
10185	1012	0	0	1	1.21599	0	0	
10236.9	1013	0	0	2	1.20983	0	0	
10437.9	1042	0	0	1	1.24393	0	0	
10439.1	1043	0	0	1	1.24389	0	0	
10494.7	1051	0	0	2	1.23729	0	0	
10499.7	1052	0	0	2	1.23671	0	0	
10524.2	1054	0	0	2	1.23562	0	0	
10607.4	1068	0	0	3	1.22592	0	0	
10664.5	1075	0	0	2	1.26409	0	0	
10864.3	1097	0	0	2	1.24084	0	0	
10895.1	1102	0	0	3	1.23733	0	0	
10909.2	1103	0	0	2	1.27823	0	0	
10909.8	1103	0	0	1	1.2823	0	0	
10938.3	1106	0	0	0	1.31676	0	0	
10957	1107	0	0	1	1.31451	0	0	
11177.2	1135	0	0	0	1.30989	0	0	
11250.3	1141	0	0	0	1.30138	0	0	
11337	1150	0	0	0	1.29143	0	0	
11377.7	1152	0	0	0	1.2868	0	0	
11399	1153	0	0	1	1.28439	0	0	
11571	1176	0	0	1	1.27984	0	0	
11574.5	1176	0	0	1	1.27944	0	0	
11600.4	1180	0	0	3	1.27658	0	0	
11624	1182	0	0	3	1.29473	0	0	
11626.6	1182	0	0	2	1.29646	0	0	
11661.8	1185	0	0	1	1.29873	0	0	
11711	1190	0	0	0	1.30376	0	0	
11725.2	1196	0	0	1	1.30218	0	0	
11844.5	1213	0	0	1	1.28907	0	0	
11889.2	1219	0	0	1	1.28422	0	0	
11893	1220	0	0	2	1.28382	0	0	
11932.2	1228	0	0	2	1.29787	0	0	
11973.6	1233	0	0	2	1.30039	0	0	
11989.4	1233	0	0	1	1.3032	0	0	
11996.3	1235	0	0	2	1.30244	0	0	
12001.7	1236	0	0	2	1.30189	0	0	
12005.3	1237	0	0	2	1.3015	0	0	
12110.4	1254	0	0	2	1.29837	0	0	
12155.1	1262	0	0	2	1.31508	0	0	
12203.3	1272	0	0	2	1.31718	0	0	
12246.5	1277	0	0	1	1.31999	0	0	
12366.7	1286	0	0	0	1.3376	0	0	
12383.3	1286	0	0	0	1.33581	0	0	
12398.5	1289	0	0	0	1.33418	0	0	
12427.8	1293	0	0	0	1.33102	0	0	
12574.2	1309	0	0	0	1.31553	0	0	
12683.4	1319	0	0	1	1.30421	0	0	
12689.7	1319	0	0	0	1.31263	0	0	
12716.4	1324	0	0	0	1.30988	0	0	
13053.2	1361	0	0	0	1.3017	0	0	
13060.7	1362	0	0	0	1.30096	0	0	
13165.7	1377	0	0	0	1.29853	0	0	
13221.1	1380	0	0	0	1.29309	0	0	
13230.5	1381	0	0	0	1.29217	0	0	
13302.3	1386	0	0	0	1.28519	0	0	
13348	1390	0	0	0	1.28079	0	0	
13357.2	1391	0	0	0	1.27992	0	0	
13430.8	1399	0	0	1	1.2729	0	0	
13479.5	1405	0	0	1	1.2683	0	0	
13531.1	1409	0	0	0	1.27589	0	0	
13639.4	1416	0	0	0	1.26575	0	0	
13672	1420	0	0	0	1.26274	0	0	
13685	1423	0	0	0	1.26154	0	0	
13769.1	1427	0	0	0	1.25383	0	0	
13769.3	1427	0	0	0	1.25381	0	0	
13794.8	1428	0	0	0	1.2515	0	0	
13865.8	1440	0	0	0	1.24509	0	0	
13882.2	1443	0	0	0	1.24453	0	0	
13909.2	1449	0	0	0	1.24211	0	0	
14052.4	1465	0	0	0	1.22946	0	0	
14151	1474	0	0	1	1.22089	0	0	
14154	1474	0	0	0	1.22755	0	0	
14262.6	1486	0	0	1	1.22558	0	0	
14283.2	1488	0	0	1	1.22382	0	0	
14289.9	1489	0	0	1	1.22324	0	0	
14339.9	1494	0	0	2	1.21898	0	0	
14426.2	1503	0	0	2	1.21169	0	0	
14442.3	1504	0	0	2	1.21034	0	0	
14464.5	1507	0	0	2	1.22934	0	0	
14597.9	1521	0	0	3	1.2181	0	0	
14632.7	1522	0	0	2	1.22786	0	0	
14687.2	1529	0	0	2	1.25031	0	0	
14704.7	1531	0	0	1	1.25299	0	0	
14732.2	1535	0	0	1	1.2686	0	0	
14798.4	1552	0	0	0	1.26922	0	0	
14812.1	1553	0	0	1	1.26805	0	0	
14924.2	1565	0	0	2	1.25852	0	0	
14933.8	1569	0	0	2	1.26587	0	0	
15079.8	1584	0	0	2	1.26242	0	0	
15090	1586	0	0	2	1.26157	0	0	
15131.4	1596	0	0	2	1.27177	0	0	
15165.9	1600	0	0	1	1.29289	0	0	
15173.1	1602	0	0	1	1.29766	0	0	
15200.7	1603	0	0	1	1.29531	0	0	
15213.3	1604	0	0	1	1.29501	0	0	
15227.8	1605	0	0	1	1.29378	0	0	
15357.8	1612	0	0	0	1.29507	0	0	
15367.6	1613	0	0	1	1.29424	0	0	
15385.1	1614	0	0	1	1.29278	0	0	
15464.7	1625	0	0	1	1.28612	0	0	
15496.6	1625	0	0	0	1.29239	0	0	
15524.6	1631	0	0	0	1.29006	0	0	
15552.3	1633	0	0	0	1.28776	0	0	
15561.6	1633	0	0	0	1.28699	0	0	
15590.6	1634	0	0	0	1.28593	0	0	
15645.3	1643	0	0	1	1.28143	0	0	
15781.4	1658	0	0	1	1.27038	0	0	
15863.5	1667	0	0	1	1.26381	0	0	
15909.8	1669	0	0	0	1.28	0	0	
16049.9	1680	0	0	0	1.26883	0	0	
16092.5	1681	0	0	0	1.26795	0	0	
16110.9	1685	0	0	0	1.2665	0	0	
16167	1689	0	0	0	1.26211	0	0	
16224	1699	0	0	1	1.25767	0	0	
16257.4	1701	0	0	0	1.26061	0	0	
16402.4	1716	0	0	0	1.24947	0	0	
16421.8	1718	0	0	0	1.248	0	0	
16519.9	1729	0	0	1	1.24058	0	0	
16543.6	1731	0	0	2	1.23881	0	0	
16703.2	1753	0	0	2	1.22697	0	0	
16732.3	1753	0	0	2	1.22484	0	0	
16768.1	1754	0	0	1	1.24242	0	0	
16781.3	1754	0	0	1	1.24144	0	0	
16858.2	1760	0	0	1	1.2556	0	0	
16963.5	1776	0	0	0	1.25846	0	0	
16974.9	1777	0	0	0	1.25762	0	0	
17002.7	1779	0	0	0	1.25557	0	0	
17004	1779	0	0	0	1.25547	0	0	
17043.3	1781	0	0	0	1.25257	0	0	
17128.4	1796	0	0	0	1.25099	0	0	
17160.3	1801	0	0	1	1.24866	0	0	
17260.6	1813	0	0	1	1.24878	0	0	
17266.5	1814	0	0	2	1.24836	0	0	
17316.3	1822	0	0	2	1.24758	0	0	
17354.8	1824	0	0	1	1.24993	0	0	
17375.5	1827	0	0	2	1.24845	0	0	
17394.3	1828	0	0	1	1.24935	0	0	
17447.5	1830	0	0	1	1.24805	0	0	
17456.6	1830	0	0	1	1.24741	0	0	
17461.4	1831	0	0	1	1.2472	0	0	
17591.1	1843	0	0	0	1.26229	0	0	
17601.5	1845	0	0	0	1.26154	0	0	
17644.9	1852	0	0	0	1.25844	0	0	
17658.6	1853	0	0	1	1.25746	0	0	
17660.7	1853	0	0	0	1.25805	0	0	
17674.8	1854	0	0	1	1.25704	0	0	
17679.7	1854	0	0	1	1.2567	0	0	
17695.3	1858	0	0	1	1.25559	0	0	
17701.7	1860	0	0	1	1.25745	0	0	
17739.9	1863	0	0	1	1.25688	0	0	
17750.6	1863	0	0	0	1.25917	0	0	
17767.5	1865	0	0	0	1.25798	0	0	
17794.6	1869	0	0	1	1.25606	0	0	
17837.7	1874	0	0	1	1.25303	0	0	
17884.7	1878	0	0	0	1.25627	0	0	
17887.6	1878	0	0	0	1.25607	0	0	
18070.9	1897	0	0	1	1.24333	0	0	
18079	1899	0	0	2	1.24277	0	0	
18093	1900	0	0	2	1.24181	0	0	
18096.4	1900	0	0	2	1.24157	0	0	
18106.8	1901	0	0	2	1.24284	0	0	
18110.9	1902	0	0	1	1.24308	0	0	
18131.2	1908	0	0	1	1.25466	0	0	
18273.1	1928	0	0	1	1.25376	0	0	
18360.2	1932	0	0	2	1.24781	0	0	
18386	1937	0	0	2	1.24606	0	0	
18399.7	1938	0	0	1	1.25942	0	0	
18480.3	1949	0	0	1	1.25806	0	0	
18513.2	1955	0	0	1	1.25749	0	0	
18622.9	1969	0	0	1	1.25008	0	0	
18630.9	1969	0	0	1	1.24955	0	0	
18643.2	1970	0	0	1	1.24872	0	0	
18800.6	1983	0	0	1	1.23827	0	0	
18804.3	1983	0	0	1	1.23803	0	0	
18871.4	1990	0	0	1	1.23362	0	0	
18983.2	2007	0	0	1	1.22636	0	0	
19042.1	2010	0	0	0	1.26294	0	0	
19043.5	2011	0	0	1	1.26284	0	0	
19052.4	2012	0	0	1	1.26277	0	0	
19054.2	2013	0	0	1	1.26265	0	0	
19101.1	2022	0	0	2	1.25955	0	0	
19103.4	2023	0	0	2	1.26196	0	0	
19116.1	2024	0	0	2	1.26123	0	0	
19141.5	2028	0	0	2	1.25955	0	0	
19221.3	2032	0	0	2	1.25793	0	0	
19280.3	2040	0	0	2	1.2633	0	0	
19289.6	2041	0	0	2	1.26311	0	0	
19299.1	2042	0	0	2	1.26272	0	0	
19311.5	2045	0	0	2	1.2664	0	0	
19319.9	2045	0	0	1	1.27986	0	0	
19367.9	2049	0	0	1	1.27669	0	0	
19429.6	2053	0	0	1	1.27264	0	0	
19443.9	2054	0	0	1	1.2717	0	0	
19523.4	2061	0	0	1	1.27001	0	0	
19526.6	2062	0	0	1	1.28136	0	0	
19534.5	2065	0	0	1	1.28085	0	0	
19632.8	2074	0	0	1	1.27994	0	0	
19685.5	2081	0	0	1	1.28402	0	0	
19693.5	2082	0	0	2	1.2835	0	0	
19753.3	2091	0	0	2	1.28248	0	0	
19792.1	2094	0	0	2	1.27996	0	0	
19804.2	2095	0	0	2	1.28482	0	0	
19829	2097	0	0	1	1.28491	0	0	
19857.8	2099	0	0	1	1.28305	0	0	
19889.3	2103	0	0	1	1.28258	0	0	
19943.1	2115	0	0	2	1.27912	0	0	
19946.6	2115	0	0	1	1.28138	0	0	
20003.6	2119	0	0	1	1.28052	0	0	
20055.8	2129	0	0	1	1.27965	0	0	
20063.3	2130	0	0	2	1.27917	0	0	
20103.3	2138	0	0	3	1.27662	0	0	
20305.7	2148	0	0	3	1.2639	0	0	
20323.6	2148	0	0	2	1.27527	0	0	
20325.9	2148	0	0	2	1.27513	0	0	
20374.1	2156	0	0	2	1.27442	0	0	
20374.8	2156	0	0	2	1.27438	0	0	
20404.5	2159	0	0	3	1.28953	0	0	
20410.5	2159	0	0	2	1.32636	0	0	
20593.8	2184	0	0	2	1.32494	0	0	
20608	2184	0	0	1	1.33525	0	0	
20659.2	2187	0	0	1	1.34325	0	0	
20687.1	2190	0	0	1	1.34263	0	0	
20713.7	2192	0	0	2	1.3409	0	0	
20733.9	2194	0	0	2	1.34147	0	0	
20739.6	2194	0	0	2	1.3411	0	0	
20749.7	2194	0	0	1	1.34704	0	0	
20762.5	2195	0	0	2	1.3462	0	0	
20965.9	2212	0	0	2	1.33315	0	0	
20993.7	2215	0	0	1	1.34276	0	0	
20996.9	2215	0	0	1	1.34255	0	0	
21040	2223	0	0	2	1.34175	0	0	
21055.4	2224	0	0	1	1.35694	0	0	
21075.5	2226	0	0	1	1.35565	0	0	
21076	2226	0	0	1	1.35561	0	0	
21099	2233	0	0	2	1.35414	0	0	
21220.1	2238	0	0	1	1.35672	0	0	
21234.1	2241	0	0	0	1.3632	0	0	
21305	2249	0	0	0	1.36187	0	0	
21338.1	2256	0	0	0	1.35976	0	0	
21357.3	2257	0	0	1	1.35854	0	0	
21358.6	2257	0	0	1	1.35845	0	0	
21381.7	2262	0	0	3	1.35698	0	0	
21474	2270	0	0	2	1.35615	0	0	
21566.5	2283	0	0	2	1.35033	0	0	
21619.9	2290	0	0	2	1.35867	0	0	
21679	2294	0	0	2	1.35497	0	0	
21757.9	2306	0	0	2	1.35005	0	0	
21793	2315	0	0	3	1.34788	0	0	
21813.4	2315	0	0	2	1.34901	0	0	
21833	2318	0	0	1	1.35997	0	0	
21858.6	2321	0	0	1	1.35838	0	0	
21864.8	2322	0	0	2	1.35799	0	0	
22007.9	2334	0	0	1	1.35587	0	0	
22060.6	2336	0	0	1	1.35264	0	0	
22171.1	2346	0	0	1	1.38317	0	0	
22257	2352	0	0	1	1.37783	0	0	
22258.1	2353	0	0	2	1.37776	0	0	
22302.7	2362	0	0	3	1.37501	0	0	
22313.6	2363	0	0	3	1.37682	0	0	
22338.1	2366	0	0	2	1.37658	0	0	
22441.4	2376	0	0	3	1.37025	0	0	
22457.2	2377	0	0	2	1.37456	0	0	
22500.1	2384	0	0	3	1.37194	0	0	
22502.5	2385	0	0	3	1.3827	0	0	
22516.3	2385	0	0	2	1.38255	0	0	
22537.8	2385	0	0	2	1.38123	0	0	
22539.4	2385	0	0	1	1.40223	0	0	
22559	2388	0	0	2	1.40101	0	0	
22598.2	2394	0	0	2	1.39859	0	0	
22605.5	2395	0	0	2	1.39813	0	0	
22615	2397	0	0	2	1.40053	0	0	
22638.3	2398	0	0	2	1.39909	0	0	
22664.3	2402	0	0	1	1.40648	0	0	
22802.2	2420	0	0	2	1.39797	0	0	
22825.3	2422	0	0	2	1.40605	0	0	
22844.8	2426	0	0	1	1.4122	0	0	
22854.7	2428	0	0	2	1.41159	0	0	
22888.6	2431	0	0	1	1.41128	0	0	
22939	2433	0	0	1	1.40818	0	0	
22980.4	2435	0	0	1	1.40729	0	0	
23001.9	2437	0	0	1	1.40598	0	0	
23005.6	2437	0	0	0	1.41457	0	0	
23095.9	2441	0	0	0	1.41235	0	0	
23176.9	2449	0	0	1	1.40741	0	0	
23315.2	2463	0	0	2	1.39906	0	0	
23320.9	2464	0	0	2	1.39881	0	0	
23325.7	2464	0	0	2	1.39851	0	0	
23357.7	2468	0	0	3	1.39757	0	0	
23374.8	2470	0	0	3	1.40793	0	0	
23394.2	2472	0	0	2	1.41601	0	0	
23425.1	2478	0	0	2	1.41832	0	0	
23433.8	2480	0	0	3	1.41779	0	0	
23444.9	2482	0	0	3	1.41749	0	0	
23513.6	2495	0	0	2	1.41978	0	0	
23524.6	2497	0	0	2	1.41911	0	0	
23561.1	2498	0	0	1	1.4239	0	0	
23611.3	2508	0	0	0	1.42855	0	0	
23618.8	2509	0	0	0	1.4281	0	0	
23657.9	2512	0	0	1	1.42574	0	0	
23676.5	2513	0	0	1	1.42462	0	0	
23744.9	2518	0	0	1	1.42051	0	0	
23745.7	2518	0	0	1	1.42047	0	0	
23837.9	2526	0	0	1	1.42391	0	0	
23935.7	2535	0	0	0	1.42594	0	0	
24017.2	2541	0	0	0	1.4211	0	0	
24106.4	2551	0	0	0	1.41922	0	0	
24162.9	2555	0	0	1	1.4159	0	0	
24207	2559	0	0	0	1.41721	0	0	
24219.3	2561	0	0	1	1.41649	0	0	
24247.5	2562	0	0	0	1.41651	0	0	
24378.2	2577	0	0	1	1.40891	0	0	
24420	2583	0	0	0	1.41349	0	0	
24438.8	2587	0	0	1	1.4124	0	0	
24528.3	2595	0	0	1	1.41162	0	0	
24528.5	2595	0	0	1	1.41161	0	0	
24534.3	2595	0	0	1	1.41128	0	0	
24554.7	2598	0	0	1	1.41078	0	0	
24577.8	2600	0	0	1	1.40945	0	0	
24584.2	2602	0	0	2	1.40908	0	0	
24586.9	2602	0	0	1	1.40918	0	0	
24620.5	2605	0	0	1	1.41422	0	0	
24622.7	2605	0	0	1	1.41409	0	0	
24635.6	2606	0	0	2	1.41335	0	0	
24646.6	2607	0	0	2	1.41496	0	0	
24650.3	2608	0	0	1	1.4157	0	0	
24678.6	2609	0	0	1	1.41408	0	0	
24709.8	2614	0	0	1	1.41525	0	0	
24772.9	2619	0	0	1	1.41165	0	0	
24946	2641	0	0	1	1.40185	0	0	
24970.6	2644	0	0	1	1.40121	0	0	
24994.7	2647	0	0	1	1.41233	0	0	
25006.5	2650	0	0	2	1.41166	0	0	
25236.6	2674	0	0	2	1.39879	0	0	
25246.6	2677	0	0	1	1.40901	0	0	
25261.5	2679	0	0	1	1.41872	0	0	
25286.4	2679	0	0	1	1.41732	0	0	
25303.1	2683	0	0	1	1.41638	0	0	
25318.8	2685	0	0	2	1.41551	0	0	
25341.7	2689	0	0	1	1.41791	0	0	
25429.2	2698	0	0	1	1.41798	0	0	
25541	2707	0	0	1	1.4193	0	0	
25624.3	2720	0	0	2	1.41469	0	0	
25663	2726	0	0	1	1.42132	0	0	
25680.3	2727	0	0	1	1.42088	0	0	
25752.4	2733	0	0	1	1.4169	0	0	
25769.7	2737	0	0	0	1.42458	0	0	
25816.3	2739	0	0	0	1.42201	0	0	
25841	2744	0	0	1	1.42066	0	0	
25855.7	2744	0	0	1	1.41985	0	0	
25992.8	2757	0	0	2	1.41236	0	0	
26019.3	2763	0	0	2	1.41092	0	0	
26023.6	2764	0	0	2	1.41074	0	0	
26039.6	2765	0	0	3	1.40987	0	0	
26063.2	2765	0	0	2	1.41632	0	0	
26171.2	2783	0	0	2	1.42398	0	0	
26277	2791	0	0	2	1.41825	0	0	
26448.1	2805	0	0	2	1.40907	0	0	
26518.3	2811	0	0	3	1.40534	0	0	
26522.9	2811	0	0	2	1.40789	0	0	
26567.5	2813	0	0	2	1.40553	0	0	
26602.9	2814	0	0	2	1.40366	0	0	
26615.7	2815	0	0	2	1.42518	0	0	
26653.8	2817	0	0	1	1.42497	0	0	
26696.8	2821	0	0	1	1.42268	0	0	
26716.8	2824	0	0	2	1.42161	0	0	
26774	2827	0	0	1	1.42138	0	0	
26878.8	2838	0	0	1	1.44607	0	0	
26912.5	2839	0	0	1	1.44426	0	0	
26934	2840	0	0	1	1.44311	0	0	
27000.4	2848	0	0	0	1.44793	0	0	
27017	2848	0	0	0	1.44704	0	0	
27045.6	2852	0	0	1	1.44551	0	0	
27067.4	2856	0	0	1	1.44618	0	0	
27094.2	2859	0	0	1	1.44543	0	0	
27129.2	2867	0	0	1	1.44465	0	0	
27186.6	2870	0	0	2	1.4416	0	0	
27211.7	2871	0	0	2	1.4462	0	0	
27284.4	2879	0	0	3	1.44235	0	0	
27348.3	2883	0	0	2	1.44418	0	0	
27354.2	2883	0	0	1	1.45192	0	0	
27392.3	2889	0	0	2	1.4499	0	0	
27425.6	2891	0	0	2	1.44814	0	0	
27448.4	2895	0	0	2	1.44693	0	0	
27479.6	2901	0	0	2	1.44983	0	0	
27494.8	2901	0	0	2	1.44903	0	0	
27550.5	2911	0	0	1	1.45824	0	0	
27605.4	2918	0	0	1	1.45533	0	0	
27769.7	2933	0	0	2	1.44672	0	0	
27811.4	2938	0	0	2	1.45751	0	0	
27830.4	2941	0	0	2	1.45651	0	0	
28117.5	2967	0	0	1	1.45983	0	0	
28147.6	2970	0	0	1	1.4716	0	0	
28244.8	2980	0	0	1	1.46653	0	0	
28266.6	2985	0	0	2	1.4654	0	0	
28273.1	2987	0	0	2	1.46594	0	0	
28277.2	2987	0	0	1	1.46609	0	0	
28293.8	2991	0	0	2	1.46522	0	0	
28297.2	2991	0	0	2	1.46505	0	0	
28449.7	3003	0	0	1	1.46867	0	0	
28513.5	3012	0	0	1	1.46538	0	0	
28588.6	3019	0	0	1	1.46153	0	0	
28625.3	3022	0	0	0	1.47159	0	0	
28635.1	3024	0	0	0	1.47142	0	0	
28676.1	3029	0	0	0	1.46932	0	0	
28772.6	3036	0	0	1	1.46438	0	0	
28833.3	3040	0	0	1	1.4613	0	0	
28838.9	3042	0	0	2	1.46102	0	0	
28858.9	3042	0	0	1	1.4662	0	0	
28959.8	3051	0	0	1	1.46109	0	0	
28977.4	3057	0	0	1	1.46514	0	0	
28988.8	3059	0	0	0	1.46557	0	0	
28995.3	3060	0	0	1	1.46524	0	0	
29015.1	3061	0	0	1	1.46424	0	0	
29029.8	3066	0	0	1	1.4635	0	0	
29151.2	3080	0	0	1	1.4574	0	0	
29289.3	3092	0	0	2	1.45053	0	0	
29349.1	3100	0	0	1	1.45968	0	0	
29382	3105	0	0	2	1.45805	0	0	
29402.8	3106	0	0	2	1.45702	0	0	
29450.1	3112	0	0	3	1.45467	0	0	
29463.9	3113	0	0	2	1.45788	0	0	
29478.1	3117	0	0	2	1.45966	0	0	
29663.4	3144	0	0	1	1.45708	0	0	
29785.6	3157	0	0	1	1.45111	0	0	
29808.3	3158	0	0	2	1.45	0	0	
29814.9	3158	0	0	1	1.47194	0	0	
29909.2	3172	0	0	0	1.47124	0	0	
29946.1	3177	0	0	0	1.46943	0	0	
30057	3189	0	0	0	1.46401	0	0	
30077.9	3189	0	0	0	1.46299	0	0	
30138.6	3194	0	0	0	1.46004	0	0	
30187.4	3201	0	0	1	1.45768	0	0	
30421	3222	0	0	0	1.45571	0	0	
30634.4	3252	0	0	0	1.45222	0	0	
30638.6	3252	0	0	0	1.45202	0	0	
30664.5	3257	0	0	1	1.45079	0	0	
30706.8	3262	0	0	2	1.44879	0	0	
30779.2	3270	0	0	2	1.44984	0	0	
30817.6	3274	0	0	2	1.44804	0	0	
30852.9	3278	0	0	2	1.44638	0	0	
30864.5	3279	0	0	2	1.45221	0	0	
30915.1	3285	0	0	2	1.45162	0	0	
30954.5	3287	0	0	1	1.45267	0	0	
30982.8	3294	0	0	2	1.45134	0	0	
31021.9	3298	0	0	1	1.45955	0	0	
31052	3299	0	0	1	1.45814	0	0	
31094	3306	0	0	2	1.45617	0	0	
31231.4	3323	0	0	2	1.44976	0	0	
31234.8	3323	0	0	2	1.4496	0	0	
31264.2	3326	0	0	2	1.44824	0	0	
31391.9	3340	0	0	2	1.44633	0	0	
31428.4	3342	0	0	2	1.44464	0	0	
31446.4	3344	0	0	1	1.45945	0	0	
31459.4	3346	0	0	1	1.45919	0	0	
31464.3	3347	0	0	1	1.4591	0	0	
31627.6	3367	0	0	2	1.45157	0	0	
31640.2	3367	0	0	1	1.46944	0	0	
31676.1	3374	0	0	1	1.46777	0	0	
31824.8	3394	0	0	1	1.47224	0	0	
31984	3408	0	0	1	1.46491	0	0	
32019.7	3412	0	0	1	1.46328	0	0	
32109.2	3420	0	0	0	1.47267	0	0	
32170.6	3426	0	0	0	1.46986	0	0	
32208.1	3433	0	0	0	1.46815	0	0	
32305.1	3437	0	0	0	1.46374	0	0	
32305.6	3437	0	0	0	1.46372	0	0	
32351.4	3441	0	0	1	1.46287	0	0	
32351.6	3441	0	0	0	1.46379	0	0	
32379.6	3442	0	0	0	1.46252	0	0	
32426.4	3442	0	0	0	1.46041	0	0	
32451.8	3446	0	0	1	1.45927	0	0	
32456.5	3446	0	0	1	1.45906	0	0	
32492.3	3453	0	0	2	1.45745	0	0	
32524.1	3454	0	0	2	1.45899	0	0	
32535.7	3454	0	0	2	1.45847	0	0	
32548.6	3456	0	0	2	1.45818	0	0	
32566.3	3456	0	0	1	1.45966	0	0	
32567.9	3456	0	0	1	1.45959	0	0	
32639.7	3464	0	0	1	1.45638	0	0	
32665	3466	0	0	2	1.45525	0	0	
32709.7	3469	0	0	1	1.46099	0	0	
32811.4	3479	0	0	1	1.45647	0	0	
32846.1	3481	0	0	0	1.46117	0	0	
32918.9	3490	0	0	0	1.45794	0	0	
32970.3	3491	0	0	0	1.45566	0	0	
32984.8	3492	0	0	0	1.45502	0	0	
32995.2	3493	0	0	1	1.45457	0	0	
33028.7	3497	0	0	1	1.45376	0	0	
33079.4	3500	0	0	1	1.4542	0	0	
33092.4	3503	0	0	0	1.45549	0	0	
33113	3506	0	0	1	1.45458	0	0	
33136	3509	0	0	1	1.45357	0	0	
33291.5	3522	0	0	2	1.44678	0	0	
33364.6	3532	0	0	1	1.45176	0	0	
33379.8	3534	0	0	1	1.45142	0	0	
33397.6	3534	0	0	1	1.45064	0	0	
33408.3	3536	0	0	1	1.45031	0	0	
33512	3549	0	0	1	1.45697	0	0	
33584.3	3552	0	0	0	1.45907	0	0	
33584.4	3552	0	0	0	1.45907	0	0	
33682.3	3560	0	0	1	1.45482	0	0	
33776	3570	0	0	1	1.45079	0	0	
33787.7	3571	0	0	1	1.45625	0	0	
33827.5	3575	0	0	1	1.45453	0	0	
33859.1	3576	0	0	1	1.45318	0	0	
33859.9	3576	0	0	1	1.45314	0	0	
33971.1	3585	0	0	2	1.44838	0	0	
34043.4	3593	0	0	1	1.45315	0	0	
34192.9	3606	0	0	2	1.4468	0	0	
34226.6	3609	0	0	3	1.44537	0	0	
34355.1	3626	0	0	3	1.43997	0	0	
34393.8	3636	0	0	2	1.44851	0	0	
34460	3643	0	0	2	1.45334	0	0	
34594.8	3659	0	0	2	1.45341	0	0	
34614.1	3664	0	0	2	1.47432	0	0	
34701.8	3675	0	0	3	1.47059	0	0	
34754.2	3683	0	0	3	1.47658	0	0	
34873	3700	0	0	2	1.47641	0	0	
34973.9	3707	0	0	1	1.48241	0	0	
35112.1	3722	0	0	1	1.47658	0	0	
35161.4	3726	0	0	1	1.47451	0	0	
35381.1	3747	0	0	1	1.46535	0	0	
35430	3753	0	0	2	1.46333	0	0	
35439.8	3753	0	0	1	1.46432	0	0	
35455.4	3753	0	0	0	1.48785	0	0	
35544.1	3763	0	0	0	1.48414	0	0	
35553.8	3764	0	0	0	1.48373	0	0	
35679.2	3775	0	0	1	1.47852	0	0	
35683.1	3776	0	0	2	1.47836	0	0	
35697.9	3779	0	0	2	1.47813	0	0	
35714.7	3780	0	0	1	1.47838	0	0	
35819.3	3794	0	0	1	1.47407	0	0	
35855.7	3797	0	0	1	1.47257	0	0	
35979.4	3814	0	0	1	1.47085	0	0	
36108.3	3827	0	0	2	1.4656	0	0	
36317	3847	0	0	3	1.45717	0	0	
36347.6	3848	0	0	3	1.45595	0	0	
36405.7	3852	0	0	3	1.46524	0	0	
36415.5	3852	0	0	2	1.47323	0	0	
36506.1	3863	0	0	2	1.46957	0	0	
36523.5	3864	0	0	2	1.47343	0	0	
36584.4	3868	0	0	2	1.47266	0	0	
36700.4	3877	0	0	2	1.46801	0	0	
36812.1	3895	0	0	2	1.46356	0	0	
36864	3900	0	0	2	1.4615	0	0	
36925.6	3906	0	0	1	1.4699	0	0	
36955.1	3911	0	0	1	1.4691	0	0	
36974.3	3914	0	0	2	1.46834	0	0	
36975.2	3914	0	0	2	1.4683	0	0	
37024.7	3920	0	0	1	1.46806	0	0	
37041.3	3921	0	0	1	1.46784	0	0	
37047.7	3921	0	0	1	1.46759	0	0	
37092.2	3925	0	0	1	1.50729	0	0	
37147.3	3930	0	0	1	1.50505	0	0	
37336.3	3950	0	0	1	1.49744	0	0	
37398.9	3959	0	0	1	1.49655	0	0	
37462	3967	0	0	0	1.50504	0	0	
37467.9	3968	0	0	1	1.5048	0	0	
37586.6	3985	0	0	1	1.50336	0	0	
37597.7	3987	0	0	2	1.50291	0	0	
37656.9	4001	0	0	2	1.50055	0	0	
37668.9	4001	0	0	2	1.50007	0	0	
37693.4	4003	0	0	2	1.4991	0	0	
37706.9	4005	0	0	1	1.50171	0	0	
37865.1	4023	0	0	2	1.49543	0	0	
37873	4023	0	0	2	1.49512	0	0	
37888	4023	0	0	1	1.50546	0	0	
37923.6	4029	0	0	0	1.50959	0	0	
38074.3	4040	0	0	1	1.50361	0	0	
38128.1	4045	0	0	0	1.50683	0	0	
38161.3	4046	0	0	1	1.50552	0	0	
38168	4046	0	0	1	1.50526	0	0	
38221.7	4051	0	0	1	1.50315	0	0	
38367.7	4068	0	0	1	1.49742	0	0	
38371.1	4068	0	0	1	1.49729	0	0	
38418.3	4077	0	0	1	1.50289	0	0	
38446.1	4081	0	0	1	1.5018	0	0	
38462.9	4084	0	0	1	1.50115	0	0	
38500.7	4087	0	0	1	1.50276	0	0	
38518.2	4088	0	0	2	1.50207	0	0	
38595.6	4092	0	0	1	1.50132	0	0	
38749.4	4105	0	0	1	1.49931	0	0	
38883	4119	0	0	2	1.49416	0	0	
38889.1	4119	0	0	1	1.49728	0	0	
38911.7	4121	0	0	1	1.49697	0	0	
38932.9	4125	0	0	1	1.49643	0	0	
38941.9	4125	0	0	1	1.49608	0	0	
38972.3	4127	0	0	1	1.50795	0	0	
38991.9	4130	0	0	1	1.50719	0	0	
39009.2	4130	0	0	0	1.50814	0	0	
39180.8	4148	0	0	0	1.50154	0	0	
39189.6	4150	0	0	1	1.5012	0	0	
39248	4156	0	0	2	1.49897	0	0	
39273.3	4160	0	0	2	1.50033	0	0	
39285.6	4162	0	0	2	1.50068	0	0	
39303.7	4162	0	0	2	1.49999	0	0	
39347.6	4166	0	0	1	1.50011	0	0	
39355.5	4166	0	0	0	1.50398	0	0	
39463.9	4177	0	0	0	1.49985	0	0	
39500.8	4180	0	0	1	1.49845	0	0	
39511.8	4181	0	0	1	1.49825	0	0	
39640.9	4198	0	0	1	1.49337	0	0	
39650.3	4200	0	0	1	1.49302	0	0	
39737.4	4205	0	0	1	1.48975	0	0	
39768.1	4209	0	0	0	1.49618	0	0	
39794.9	4211	0	0	0	1.49517	0	0	
39820.4	4214	0	0	0	1.49422	0	0	
39883.9	4222	0	0	0	1.49184	0	0	
39895.4	4222	0	0	0	1.49141	0	0	
40220.3	4263	0	0	1	1.47936	0	0	
40255.3	4266	0	0	1	1.47807	0	0	
40276.2	4268	0	0	1	1.47731	0	0	
40286.6	4268	0	0	0	1.48654	0	0	
40299.5	4270	0	0	1	1.48607	0	0	
40383.9	4277	0	0	1	1.48296	0	0	
40475.3	4286	0	0	1	1.47961	0	0	
40536.9	4290	0	0	0	1.48337	0	0	
40598	4296	0	0	1	1.48114	0	0	
40616.4	4296	0	0	1	1.48047	0	0	
40621.6	4296	0	0	1	1.48028	0	0	
40676.7	4300	0	0	1	1.48123	0	0	
40689.8	4300	0	0	0	1.4824	0	0	
40710.1	4307	0	0	1	1.48166	0	0	
40762.3	4309	0	0	1	1.47977	0	0	
40804.1	4314	0	0	2	1.47825	0	0	
40859	4320	0	0	1	1.4785	0	0	
40957.5	4336	0	0	0	1.48147	0	0	
40999.9	4339	0	0	0	1.47994	0	0	
41015.6	4341	0	0	0	1.47938	0	0	
41086.1	4348	0	0	0	1.47684	0	0	
41127.7	4352	0	0	0	1.47534	0	0	
41152.3	4353	0	0	0	1.47446	0	0	
41153.6	4353	0	0	0	1.47442	0	0	
41208.4	4360	0	0	1	1.47246	0	0	
41210.9	4361	0	0	2	1.47237	0	0	
41320.8	4371	0	0	1	1.47117	0	0	
41345.6	4376	0	0	1	1.47081	0	0	
41349.7	4377	0	0	2	1.47067	0	0	
41363.2	4379	0	0	2	1.47019	0	0	
41403.4	4383	0	0	2	1.47462	0	0	
41432.3	4387	0	0	1	1.47519	0	0	
41572	4403	0	0	2	1.47024	0	0	
41577.9	4403	0	0	2	1.47003	0	0	
41582.8	4404	0	0	2	1.47556	0	0	
41726.2	4415	0	0	3	1.47049	0	0	
41743.2	4416	0	0	3	1.47376	0	0	
41745.7	4417	0	0	3	1.47367	0	0	
41831.7	4424	0	0	3	1.47989	0	0	
41845.5	4427	0	0	3	1.48566	0	0	
41881.7	4429	0	0	3	1.48438	0	0	
41897.6	4431	0	0	3	1.48416	0	0	
42001	4443	0	0	3	1.48291	0	0	
42039.9	4450	0	0	2	1.48877	0	0	
42056.3	4450	0	0	1	1.49555	0	0	
42133.6	4458	0	0	1	1.49281	0	0	
42169.2	4466	0	0	2	1.49155	0	0	
42226	4475	0	0	3	1.48954	0	0	
42237.4	4477	0	0	2	1.4987	0	0	
42389.1	4499	0	0	2	1.49333	0	0	
42416.4	4503	0	0	3	1.49237	0	0	
42459.8	4507	0	0	2	1.4925	0	0	
42507.1	4511	0	0	2	1.49084	0	0	
42521.6	4512	0	0	2	1.49058	0	0	
42557.2	4514	0	0	1	1.49925	0	0	
42655.6	4518	0	0	1	1.49579	0	0	
42744.1	4529	0	0	1	1.49269	0	0	
42814.1	4537	0	0	2	1.49025	0	0	
42827.5	4538	0	0	2	1.48979	0	0	
42851	4540	0	0	1	1.50485	0	0	
42878.1	4540	0	0	1	1.5039	0	0	
42880.6	4540	0	0	0	1.50692	0	0	
42961.4	4550	0	0	1	1.50408	0	0	
42966.4	4550	0	0	1	1.50391	0	0	
43022.7	4554	0	0	2	1.50194	0	0	
43066.7	4562	0	0	2	1.50041	0	0	
43123.7	4570	0	0	2	1.50405	0	0	
43192.7	4582	0	0	2	1.50313	0	0	
43227.3	4588	0	0	2	1.50559	0	0	
43407.3	4604	0	0	1	1.50947	0	0	
43424.8	4609	0	0	1	1.51402	0	0	
43456.7	4616	0	0	1	1.51395	0	0	
43507	4620	0	0	2	1.5122	0	0	
43554.6	4625	0	0	2	1.51349	0	0	
43584.6	4629	0	0	2	1.51415	0	0	
43616.4	4633	0	0	2	1.51305	0	0	
43731.5	4643	0	0	3	1.50907	0	0	
43732.4	4643	0	0	2	1.51155	0	0	
43783.7	4648	0	0	2	1.51722	0	0	
43926	4660	0	0	1	1.52071	0	0	
43996.2	4662	0	0	1	1.51828	0	0	
44024.9	4664	0	0	1	1.51729	0	0	
44061.8	4668	0	0	2	1.51602	0	0	
44065.5	4668	0	0	2	1.51589	0	0	
44167.8	4685	0	0	2	1.52222	0	0	
44211.6	4692	0	0	2	1.52491	0	0	
44221.2	4692	0	0	2	1.52458	0	0	
44252.1	4697	0	0	1	1.52768	0	0	
44260.9	4698	0	0	1	1.5274	0	0	
44271.7	4700	0	0	1	1.52717	0	0	
44282.8	4701	0	0	2	1.52678	0	0	
44303.1	4704	0	0	2	1.52676	0	0	
44348.4	4708	0	0	3	1.5252	0	0	
44411.1	4712	0	0	3	1.52543	0	0	
44413.1	4712	0	0	2	1.52828	0	0	
44638.2	4747	0	0	2	1.52057	0	0	
44649.5	4748	0	0	2	1.53097	0	0	
44650.8	4748	0	0	1	1.53751	0	0	
44659.9	4751	0	0	1	1.5372	0	0	
44691.4	4754	0	0	0	1.53718	0	0	
44880.9	4781	0	0	0	1.53462	0	0	
44885.1	4782	0	0	1	1.53448	0	0	
44906.1	4783	0	0	1	1.53376	0	0	
44914.2	4784	0	0	2	1.53348	0	0	
44949.8	4787	0	0	2	1.53321	0	0	
45028.4	4791	0	0	2	1.53053	0	0	
45035.1	4792	0	0	3	1.5303	0	0	
45046.2	4793	0	0	2	1.53018	0	0	
45052.1	4794	0	0	3	1.52998	0	0	
45147.2	4812	0	0	3	1.53178	0	0	
45267.4	4829	0	0	3	1.53244	0	0	
45314.4	4832	0	0	3	1.5344	0	0	
45443	4849	0	0	3	1.53006	0	0	
45482.3	4853	0	0	2	1.54195	0	0	
45541.4	4863	0	0	2	1.55078	0	0	
45557.3	4865	0	0	2	1.5518	0	0	
45570.3	4865	0	0	1	1.55169	0	0	
45570.3	4865	0	0	1	1.55169	0	0	
45597	4870	0	0	2	1.55129	0	0	
45666.8	4871	0	0	2	1.55758	0	0	
45677.7	4873	0	0	2	1.55874	0	0	
45680.4	4873	0	0	2	1.55865	0	0	
45688.4	4875	0	0	2	1.55885	0	0	
45748.3	4881	0	0	1	1.55822	0	0	
45855.9	4894	0	0	1	1.56073	0	0	
45863	4896	0	0	1	1.56065	0	0	
45891.2	4898	0	0	1	1.56269	0	0	
45903.4	4899	0	0	2	1.56227	0	0	
45906.9	4899	0	0	2	1.56215	0	0	
45967.1	4906	0	0	2	1.56159	0	0	
45992.2	4913	0	0	2	1.56126	0	0	
46108.8	4923	0	0	2	1.55731	0	0	
46145.9	4926	0	0	2	1.55606	0	0	
46273	4940	0	0	2	1.55179	0	0	
46308.2	4945	0	0	2	1.55923	0	0	
46349.2	4951	0	0	1	1.56832	0	0	
46414.4	4956	0	0	2	1.56611	0	0	
46428.8	4957	0	0	2	1.56726	0	0	
46484.8	4963	0	0	1	1.56983	0	0	
46502.2	4965	0	0	1	1.56924	0	0	
46578.1	4969	0	0	2	1.56668	0	0	
46590.9	4970	0	0	2	1.56625	0	0	
46602	4971	0	0	3	1.56588	0	0	
46631.8	4976	0	0	2	1.56567	0	0	
46823.4	4997	0	0	2	1.56608	0	0	
46849.9	4999	0	0	3	1.56519	0	0	
46869.8	5002	0	0	3	1.56453	0	0	
47033.3	5024	0	0	3	1.57214	0	0	
47057.1	5026	0	0	2	1.57628	0	0	
47072.1	5029	0	0	1	1.58513	0	0	
47077.6	5029	0	0	0	1.58921	0	0	
47133.2	5038	0	0	0	1.58733	0	0	
47165.2	5045	0	0	0	1.58626	0	0	
47285.2	5058	0	0	0	1.58223	0	0	
47490.5	5076	0	0	0	1.57539	0	0	
47592.9	5086	0	0	1	1.572	0	0	
47601.4	5086	0	0	1	1.57172	0	0	
47696	5094	0	0	2	1.5686	0	0	
47721.6	5096	0	0	2	1.56776	0	0	
47739.8	5100	0	0	2	1.56993	0	0	
47821.9	5114	0	0	3	1.56723	0	0	
47838.9	5115	0	0	3	1.56868	0	0	
47858.2	5116	0	0	2	1.56868	0	0	
47923.6	5119	0	0	2	1.56654	0	0	
48024.2	5131	0	0	2	1.56326	0	0	
48042.3	5133	0	0	2	1.56267	0	0	
48086.8	5137	0	0	2	1.56122	0	0	
48088.1	5138	0	0	3	1.56118	0	0	
48120.6	5143	0	0	3	1.56013	0	0	
48156	5150	0	0	2	1.5604	0	0	
48162	5151	0	0	2	1.56021	0	0	
48173	5151	0	0	1	1.5691	0	0	
48290.4	5158	0	0	1	1.56529	0	0	
48312.6	5159	0	0	1	1.56457	0	0	
48324	5159	0	0	1	1.5642	0	0	
48414.6	5167	0	0	1	1.56299	0	0	
48485.6	5178	0	0	1	1.58109	0	0	
48567.1	5192	0	0	1	1.58151	0	0	
48603.7	5194	0	0	1	1.5827	0	0	
48605.6	5195	0	0	1	1.58338	0	0	
48696.2	5203	0	0	2	1.58044	0	0	
48751	5208	0	0	2	1.58166	0	0	
48774.5	5208	0	0	2	1.5809	0	0	
48988.8	5230	0	0	1	1.57991	0	0	
49034	5236	0	0	1	1.57936	0	0	
49083.9	5237	0	0	1	1.57776	0	0	
49094.7	5238	0	0	1	1.5776	0	0	
49101.7	5238	0	0	0	1.58744	0	0	
49183.5	5247	0	0	1	1.5848	0	0	
49185.1	5247	0	0	1	1.58475	0	0	
49189.7	5247	0	0	1	1.5846	0	0	
49201.8	5248	0	0	1	1.58607	0	0	
49228	5251	0	0	2	1.58587	0	0	
49254.9	5253	0	0	2	1.58591	0	0	
49256.4	5253	0	0	1	1.58642	0	0	
49338.5	5262	0	0	1	1.58543	0	0	
49357.1	5263	0	0	0	1.58783	0	0	
49398.7	5266	0	0	0	1.58649	0	0	
49436.1	5271	0	0	1	1.58529	0	0	
49492.8	5278	0	0	2	1.58348	0	0	
49530.2	5284	0	0	3	1.58228	0	0	
49535.5	5284	0	0	2	1.58483	0	0	
49555.7	5287	0	0	1	1.58641	0	0	
49579.2	5290	0	0	2	1.58565	0	0	
49719.3	5312	0	0	3	1.58118	0	0	
49727	5314	0	0	3	1.58427	0	0	
49792.1	5318	0	0	2	1.58808	0	0	
49806.3	5318	0	0	1	1.58938	0	0	
49819.1	5318	0	0	1	1.58897	0	0	
49819.8	5318	0	0	1	1.58895	0	0	
49836.5	5321	0	0	1	1.5935	0	0	
50079.3	5344	0	0	0	1.59087	0	0	
50112.9	5348	0	0	0	1.59047	0	0	
50123.7	5348	0	0	0	1.59013	0	0	
50165.9	5352	0	0	0	1.58879	0	0	
50259.8	5366	0	0	0	1.58582	0	0	
50355.8	5379	0	0	0	1.5828	0	0	
50368.1	5379	0	0	0	1.58241	0	0	
50378.1	5381	0	0	1	1.5821	0	0	
50416.8	5385	0	0	1	1.58088	0	0	
50454.5	5386	0	0	1	1.57971	0	0	
50518.3	5396	0	0	1	1.58064	0	0	
50623.6	5407	0	0	1	1.57736	0	0	
50689.6	5412	0	0	1	1.5753	0	0	
50712.6	5415	0	0	0	1.57967	0	0	
50758.5	5418	0	0	1	1.57824	0	0	
50791	5421	0	0	1	1.57723	0	0	
50863.9	5432	0	0	2	1.57497	0	0	
50885.4	5435	0	0	2	1.5743	0	0	
50994.5	5447	0	0	2	1.57288	0	0	
51074.9	5454	0	0	1	1.57595	0	0	
51099.2	5455	0	0	1	1.57551	0	0	
51153.3	5461	0	0	1	1.57384	0	0	
51219.4	5474	0	0	0	1.58168	0	0	
51248.9	5476	0	0	0	1.58077	0	0	
51324.7	5483	0	0	0	1.57844	0	0	
51431	5491	0	0	1	1.57518	0	0	
51589.2	5511	0	0	0	1.57541	0	0	
51644.6	5518	0	0	1	1.57372	0	0	
51669.6	5522	0	0	0	1.57451	0	0	
51828.2	5533	0	0	0	1.56969	0	0	
51891.4	5538	0	0	0	1.56778	0	0	
51958.8	5548	0	0	0	1.56574	0	0	
51961.6	5549	0	0	1	1.56566	0	0	
52096.3	5566	0	0	2	1.56161	0	0	
52218.3	5582	0	0	2	1.5602	0	0	
52220.8	5582	0	0	2	1.56012	0	0	
52235	5586	0	0	1	1.56495	0	0	
52344.5	5604	0	0	0	1.56892	0	0	
52391.3	5610	0	0	0	1.56839	0	0	
52419.6	5613	0	0	1	1.56754	0	0	
52443.9	5616	0	0	1	1.56768	0	0	
52472.1	5618	0	0	1	1.56769	0	0	
52529.8	5629	0	0	0	1.56752	0	0	
52587.7	5632	0	0	0	1.56579	0	0	
52652.9	5639	0	0	1	1.56385	0	0	
52676.2	5643	0	0	1	1.56473	0	0	
52721.7	5649	0	0	2	1.56338	0	0	
52796.3	5657	0	0	2	1.56248	0	0	
52802.5	5657	0	0	1	1.56498	0	0	
52842	5659	0	0	1	1.56382	0	0	
52845.5	5659	0	0	1	1.56371	0	0	
52920.4	5666	0	0	1	1.5615	0	0	
52956.6	5668	0	0	1	1.56043	0	0	
52980.9	5669	0	0	1	1.55971	0	0	
53066.3	5681	0	0	1	1.55861	0	0	
53083.5	5684	0	0	1	1.56576	0	0	
53091.7	5686	0	0	1	1.56552	0	0	
53189.5	5692	0	0	1	1.56445	0	0	
53210	5695	0	0	1	1.56385	0	0	
53293.9	5707	0	0	1	1.56139	0	0	
53353.1	5713	0	0	2	1.55965	0	0	
53381.7	5718	0	0	2	1.55935	0	0	
53384.4	5718	0	0	1	1.5652	0	0	
53407.9	5720	0	0	1	1.56646	0	0	
53426.8	5722	0	0	2	1.5659	0	0	
53433.1	5725	0	0	2	1.56605	0	0	
53449.7	5726	0	0	3	1.56556	0	0	
53530.2	5731	0	0	2	1.56501	0	0	
53586.2	5736	0	0	2	1.56338	0	0	
53602.5	5737	0	0	2	1.5629	0	0	
53653.7	5741	0	0	3	1.56141	0	0	
53673.6	5743	0	0	3	1.56542	0	0	
53779.7	5754	0	0	3	1.56967	0	0	
53781.3	5754	0	0	2	1.57189	0	0	
53811.7	5757	0	0	3	1.571	0	0	
53871.4	5762	0	0	3	1.57415	0	0	
53900.8	5764	0	0	2	1.57721	0	0	
53973.6	5774	0	0	3	1.57509	0	0	
54012.8	5778	0	0	3	1.57394	0	0	
54016.3	5778	0	0	3	1.57384	0	0	
54045.2	5779	0	0	3	1.573	0	0	
54118.6	5783	0	0	3	1.57487	0	0	
54136.9	5784	0	0	2	1.58032	0	0	
54196.9	5793	0	0	2	1.57857	0	0	
54288.4	5804	0	0	2	1.58517	0	0	
54309.9	5808	0	0	2	1.5848	0	0	
54323.6	5810	0	0	3	1.5844	0	0	
54332	5810	0	0	2	1.58661	0	0	
54543.3	5829	0	0	2	1.58946	0	0	
54562.9	5829	0	0	2	1.58889	0	0	
54568	5829	0	0	2	1.58874	0	0	
54568.9	5829	0	0	1	1.59303	0	0	
54586.2	5830	0	0	1	1.59253	0	0	
54615.4	5832	0	0	1	1.5972	0	0	
54636.1	5833	0	0	2	1.59659	0	0	
54671.1	5835	0	0	2	1.59557	0	0	
54783.6	5844	0	0	2	1.59432	0	0	
54829.9	5845	0	0	1	1.59687	0	0	
54836.7	5846	0	0	1	1.59667	0	0	
54875.3	5852	0	0	1	1.59555	0	0	
54879.3	5852	0	0	1	1.59543	0	0	
54925.6	5858	0	0	0	1.60025	0	0	
54939.1	5858	0	0	0	1.59986	0	0	
54951.3	5858	0	0	0	1.59951	0	0	
54960.6	5858	0	0	0	1.59923	0	0	
54973.6	5859	0	0	0	1.59886	0	0	
54980.7	5862	0	0	0	1.59876	0	0	
55037	5867	0	0	0	1.59808	0	0	
55054.4	5868	0	0	0	1.59758	0	0	
55212.8	5878	0	0	1	1.593	0	0	
55417.1	5898	0	0	0	1.59363	0	0	
55428.2	5900	0	0	0	1.59331	0	0	
55448.3	5902	0	0	0	1.59307	0	0	
55529.3	5909	0	0	0	1.59074	0	0	
55630.7	5916	0	0	0	1.58785	0	0	
55666.9	5923	0	0	0	1.58736	0	0	
55696	5926	0	0	0	1.58653	0	0	
55737.7	5935	0	0	0	1.58534	0	0	
55768.8	5937	0	0	0	1.58446	0	0	
55799.5	5940	0	0	0	1.58359	0	0	
55817.1	5943	0	0	1	1.58309	0	0	
55897.7	5950	0	0	1	1.58201	0	0	
55928.3	5952	0	0	1	1.58115	0	0	
55962.1	5955	0	0	1	1.58019	0	0	
55988	5957	0	0	2	1.57946	0	0	
56022.4	5963	0	0	3	1.57849	0	0	
56083	5968	0	0	2	1.57872	0	0	
56155.1	5971	0	0	1	1.57966	0	0	
56270.4	5982	0	0	2	1.57643	0	0	
56323.4	5986	0	0	1	1.57792	0	0	
56393.3	5993	0	0	1	1.57706	0	0	
56408.3	5995	0	0	1	1.57664	0	0	
56437.5	5997	0	0	1	1.58699	0	0	
56570.4	6010	0	0	1	1.58326	0	0	
56575	6011	0	0	1	1.58314	0	0	
56672.7	6024	0	0	1	1.58041	0	0	
56681.6	6025	0	0	0	1.58492	0	0	
56708.5	6028	0	0	0	1.58417	0	0	
56733.9	6028	0	0	0	1.58346	0	0	
56825.2	6040	0	0	1	1.58091	0	0	
56845.7	6040	0	0	1	1.58034	0	0	
56877.2	6042	0	0	0	1.58192	0	0	
56996.1	6052	0	0	1	1.57862	0	0	
57038	6055	0	0	2	1.57746	0	0	
57039.8	6056	0	0	3	1.57741	0	0	
57118.6	6067	0	0	2	1.57663	0	0	
57166.4	6075	0	0	1	1.57826	0	0	
57226.2	6079	0	0	1	1.57661	0	0	
57310.5	6084	0	0	1	1.57429	0	0	
57414.2	6093	0	0	1	1.57325	0	0	
57539.3	6104	0	0	0	1.58133	0	0	
57551.9	6107	0	0	0	1.58098	0	0	
57584.7	6109	0	0	0	1.58008	0	0	
57616.5	6109	0	0	0	1.57921	0	0	
57779.4	6127	0	0	0	1.57476	0	0	
57789.9	6129	0	0	1	1.57447	0	0	
57794.7	6129	0	0	0	1.57446	0	0	
57838.7	6134	0	0	0	1.57327	0	0	
57841.6	6135	0	0	1	1.57319	0	0	
57855.4	6137	0	0	0	1.57308	0	0	
58042.5	6161	0	0	1	1.56801	0	0	
58045	6161	0	0	1	1.56794	0	0	
58104.5	6164	0	0	2	1.57061	0	0	
58113.2	6165	0	0	2	1.57125	0	0	
58212.7	6171	0	0	3	1.56856	0	0	
58223.9	6171	0	0	2	1.57091	0	0	
58258.6	6172	0	0	2	1.56998	0	0	
58285.5	6176	0	0	2	1.56959	0	0	
58363.6	6186	0	0	2	1.56749	0	0	
58368	6186	0	0	1	1.57172	0	0	
58419.3	6189	0	0	1	1.57034	0	0	
58422.8	6189	0	0	1	1.57024	0	0	
58541.1	6198	0	0	2	1.56707	0	0	
58612.4	6205	0	0	2	1.56517	0	0	
58629.1	6210	0	0	3	1.56472	0	0	
58660.7	6210	0	0	3	1.56388	0	0	
58686.7	6212	0	0	3	1.57303	0	0	
58938.6	6239	0	0	3	1.571	0	0	
59068.3	6252	0	0	3	1.57399	0	0	
59235.4	6273	0	0	3	1.5744	0	0	
59296.8	6282	0	0	3	1.57277	0	0	
59300.4	6282	0	0	2	1.58747	0	0	
59315.3	6284	0	0	3	1.58719	0	0	
59341	6289	0	0	3	1.59872	0	0	
59352.4	6291	0	0	3	1.60316	0	0	
59357.3	6292	0	0	3	1.60318	0	0	
59377.6	6294	0	0	2	1.60301	0	0	
59391.1	6294	0	0	2	1.60265	0	0	
59406	6294	0	0	2	1.60224	0	0	
59424.6	6294	0	0	2	1.60174	0	0	
59620.1	6320	0	0	2	1.60156	0	0	
59699.2	6326	0	0	2	1.59944	0	0	
59730.2	6330	0	0	3	1.59861	0	0	
59752.2	6332	0	0	3	1.59887	0	0	
59769.1	6336	0	0	3	1.59869	0	0	
59845.2	6345	0	0	2	1.6057	0	0	
59889	6349	0	0	3	1.60452	0	0	
59936.7	6351	0	0	2	1.60448	0	0	
59994.1	6361	0	0	2	1.60295	0	0	
60069	6370	0	0	2	1.60642	0	0	
60159.4	6383	0	0	1	1.6162	0	0	
60211.8	6390	0	0	1	1.61819	0	0	
60235.9	6392	0	0	1	1.61793	0	0	
60262.9	6396	0	0	2	1.6172	0	0	
60272.7	6397	0	0	2	1.6186	0	0	
60299.3	6400	0	0	2	1.61788	0	0	
60315.5	6404	0	0	2	1.61826	0	0	
60356.1	6408	0	0	1	1.61808	0	0	
60364.6	6408	0	0	1	1.61785	0	0	
60478.1	6417	0	0	2	1.61482	0	0	
60493.1	6418	0	0	1	1.61643	0	0	
60505.9	6419	0	0	1	1.61609	0	0	
60529.1	6421	0	0	1	1.61547	0	0	
60596.1	6429	0	0	1	1.61477	0	0	
60608	6431	0	0	1	1.61465	0	0	
60712.8	6440	0	0	0	1.61962	0	0	
60964.5	6474	0	0	0	1.61294	0	0	
61003.7	6477	0	0	0	1.6119	0	0	
61005.4	6478	0	0	1	1.61185	0	0	
61039.6	6479	0	0	2	1.61095	0	0	
61110.1	6485	0	0	3	1.60909	0	0	
61128.4	6487	0	0	2	1.61002	0	0	
61202.7	6494	0	0	1	1.61125	0	0	
61208.1	6494	0	0	0	1.61444	0	0	
61218.1	6496	0	0	1	1.61418	0	0	
61244.6	6499	0	0	0	1.61407	0	0	
61260.9	6502	0	0	1	1.61364	0	0	
61352.1	6513	0	0	1	1.61124	0	0	
61395.5	6524	0	0	1	1.61075	0	0	
61409.1	6527	0	0	1	1.6104	0	0	
61466.3	6535	0	0	0	1.61246	0	0	
61485.3	6539	0	0	1	1.61196	0	0	
61509.1	6539	0	0	0	1.61196	0	0	
61528.9	6540	0	0	0	1.61167	0	0	
61589.6	6544	0	0	1	1.61008	0	0	
61592.1	6545	0	0	1	1.61002	0	0	
61626.8	6548	0	0	2	1.60911	0	0	
61633.3	6549	0	0	2	1.60894	0	0	
61679.8	6553	0	0	2	1.60773	0	0	
61749.8	6556	0	0	2	1.60947	0	0	
61762.1	6558	0	0	2	1.61046	0	0	
61831	6569	0	0	1	1.61247	0	0	
61831.2	6569	0	0	1	1.61246	0	0	
61971.4	6587	0	0	1	1.61106	0	0	
61979.3	6588	0	0	1	1.61085	0	0	
61987.6	6592	0	0	2	1.61064	0	0	
62106.7	6608	0	0	2	1.60755	0	0	
62167.1	6615	0	0	1	1.61268	0	0	
62178.7	6616	0	0	0	1.61558	0	0	
62217.3	6618	0	0	0	1.61458	0	0	
62337.5	6636	0	0	1	1.61146	0	0	
62357.9	6637	0	0	1	1.61094	0	0	
62360.6	6637	0	0	0	1.61311	0	0	
62403	6642	0	0	2	1.61201	0	0	
62434.6	6643	0	0	1	1.61224	0	0	
62474.7	6647	0	0	1	1.61121	0	0	
62500.2	6649	0	0	1	1.61257	0	0	
62546.6	6656	0	0	1	1.6125	0	0	
62601.2	6660	0	0	1	1.61109	0	0	
62623.9	6660	0	0	1	1.6105	0	0	
62681.6	6662	0	0	0	1.61184	0	0	
62725.5	6669	0	0	0	1.61139	0	0	
62730.6	6671	0	0	1	1.61126	0	0	
62774.2	6678	0	0	0	1.6109	0	0	
62906.1	6691	0	0	1	1.60752	0	0	
62980.5	6696	0	0	1	1.60562	0	0	
62985.7	6697	0	0	1	1.60878	0	0	
63021.9	6703	0	0	1	1.60786	0	0	
63049.1	6705	0	0	1	1.60716	0	0	
63091.5	6710	0	0	2	1.60608	0	0	
63188.4	6719	0	0	3	1.60362	0	0	
63203.6	6722	0	0	3	1.60567	0	0	
63270.5	6729	0	0	3	1.60398	0	0	
63273.6	6729	0	0	2	1.60521	0	0	
63345.1	6737	0	0	2	1.60339	0	0	
63418.8	6743	0	0	2	1.60153	0	0	
63448.5	6744	0	0	2	1.60078	0	0	
63457.4	6746	0	0	2	1.60628	0	0	
63516.4	6750	0	0	2	1.60479	0	0	
63539.9	6754	0	0	1	1.61299	0	0	
63579.5	6758	0	0	1	1.61198	0	0	
63600.1	6761	0	0	2	1.61146	0	0	
63783.5	6781	0	0	1	1.61202	0	0	
63793.2	6783	0	0	2	1.61177	0	0	
63878.4	6786	0	0	2	1.60962	0	0	
63938.8	6794	0	0	2	1.61048	0	0	
63965.8	6800	0	0	3	1.6098	0	0	
63987.8	6801	0	0	3	1.60998	0	0	
64088.6	6812	0	0	3	1.60904	0	0	
64150.5	6818	0	0	3	1.60749	0	0	
64207.5	6824	0	0	3	1.61584	0	0	
64242.1	6828	0	0	3	1.61533	0	0	
64267.2	6832	0	0	3	1.61891	0	0	
64369	6839	0	0	3	1.61974	0	0	
64382.7	6841	0	0	3	1.62154	0	0	
64388.7	6843	0	0	3	1.62929	0	0	
64392.5	6843	0	0	2	1.62935	0	0	
64437.4	6847	0	0	2	1.62821	0	0	
64456.9	6850	0	0	2	1.62794	0	0	
64457.7	6850	0	0	2	1.62792	0	0	
64551.9	6858	0	0	2	1.62695	0	0	
64582.4	6862	0	0	2	1.62947	0	0	
64618.1	6864	0	0	2	1.62857	0	0	
64687.1	6872	0	0	1	1.62891	0	0	
64787	6889	0	0	1	1.6344	0	0	
64787.2	6889	0	0	1	1.6344	0	0	
64796.1	6890	0	0	1	1.63578	0	0	
64821.9	6891	0	0	1	1.63513	0	0	
64853.5	6893	0	0	1	1.63434	0	0	
64968.8	6900	0	0	1	1.63311	0	0	
65063.1	6912	0	0	2	1.63075	0	0	
65072.9	6912	0	0	1	1.63482	0	0	
65112.1	6914	0	0	1	1.63424	0	0	
65138.6	6916	0	0	1	1.63617	0	0	
65177.1	6917	0	0	1	1.63562	0	0	
65185	6917	0	0	1	1.63543	0	0	
65260.3	6923	0	0	1	1.63354	0	0	
65266.5	6923	0	0	0	1.63568	0	0	
65320	6929	0	0	0	1.63434	0	0	
65415.1	6936	0	0	0	1.63196	0	0	
65431.9	6939	0	0	1	1.63154	0	0	
65440.8	6939	0	0	1	1.63132	0	0	
65457.5	6939	0	0	0	1.63153	0	0	
65457.6	6939	0	0	0	1.63153	0	0	
65553.5	6948	0	0	0	1.62914	0	0	
65559.3	6949	0	0	1	1.629	0	0	
65581.8	6954	0	0	1	1.62844	0	0	
65742.7	6971	0	0	1	1.62445	0	0	
65753.6	6973	0	0	2	1.62419	0	0	
65839.5	6977	0	0	2	1.6264	0	0	
65854.2	6978	0	0	2	1.62761	0	0	
65866.3	6978	0	0	2	1.62731	0	0	
65926.4	6985	0	0	2	1.62583	0	0	
65950.5	6985	0	0	1	1.62821	0	0	
65967.6	6985	0	0	1	1.62778	0	0	
65983.2	6986	0	0	1	1.62746	0	0	
65984	6986	0	0	1	1.62745	0	0	
65990.6	6987	0	0	2	1.62728	0	0	
66010.3	6989	0	0	2	1.62719	0	0	
66105	7000	0	0	2	1.62486	0	0	
66167.6	7005	0	0	1	1.62826	0	0	
66188.6	7007	0	0	2	1.62775	0	0	
66254.5	7016	0	0	3	1.62613	0	0	
66319	7024	0	0	3	1.62646	0	0	
66328.3	7025	0	0	2	1.63132	0	0	
66329.9	7025	0	0	1	1.63229	0	0	
66418.9	7035	0	0	1	1.63141	0	0	
66421.8	7035	0	0	1	1.63134	0	0	
66472.8	7041	0	0	2	1.63009	0	0	
66505.9	7042	0	0	2	1.62928	0	0	
66524.2	7043	0	0	1	1.63417	0	0	
66613.2	7052	0	0	1	1.63332	0	0	
66660.2	7056	0	0	1	1.63217	0	0	
66691.8	7060	0	0	1	1.63139	0	0	
66711.9	7061	0	0	0	1.63517	0	0	
66735.4	7065	0	0	0	1.63459	0	0	
66737.9	7065	0	0	0	1.63453	0	0	
66740.5	7065	0	0	0	1.63447	0	0	
66761	7066	0	0	0	1.63396	0	0	
66805	7072	0	0	0	1.63289	0	0	
66838.1	7075	0	0	0	1.63208	0	0	
66880.3	7079	0	0	0	1.63105	0	0	
67022.6	7095	0	0	0	1.62759	0	0	
67037.9	7098	0	0	0	1.62722	0	0	
67085.1	7105	0	0	1	1.62607	0	0	
67165.5	7119	0	0	1	1.62596	0	0	
67176.3	7120	0	0	0	1.62704	0	0	
67229.9	7123	0	0	0	1.62574	0	0	
67310.2	7130	0	0	1	1.6238	0	0	
67351.8	7133	0	0	1	1.62336	0	0	
67409.5	7142	0	0	1	1.62197	0	0	
67447.6	7147	0	0	1	1.62148	0	0	
67473.6	7147	0	0	1	1.62085	0	0	
67664.8	7166	0	0	2	1.61627	0	0	
67682.2	7168	0	0	2	1.61893	0	0	
67702	7170	0	0	2	1.62519	0	0	
67796.1	7176	0	0	1	1.62455	0	0	
67858.7	7181	0	0	1	1.62585	0	0	
67943.9	7196	0	0	1	1.62381	0	0	
68039.8	7209	0	0	1	1.62509	0	0	
68198	7232	0	0	1	1.62132	0	0	
68234.8	7233	0	0	1	1.62045	0	0	
68404.8	7245	0	0	1	1.61642	0	0	
68442.7	7253	0	0	1	1.61553	0	0	
68456.6	7255	0	0	1	1.6152	0	0	
68470.6	7257	0	0	1	1.62248	0	0	
68507	7259	0	0	1	1.62207	0	0	
68546.1	7263	0	0	0	1.62244	0	0	
68579.2	7268	0	0	1	1.62166	0	0	
68585.9	7268	0	0	1	1.6215	0	0	
68653.5	7275	0	0	1	1.61991	0	0	
68664.3	7278	0	0	1	1.62134	0	0	
68673	7278	0	0	0	1.62139	0	0	
68699.5	7279	0	0	0	1.62113	0	0	
68730.8	7283	0	0	0	1.62039	0	0	
68799.6	7291	0	0	0	1.61956	0	0	
68808.1	7292	0	0	1	1.61936	0	0	
68818.1	7292	0	0	1	1.61912	0	0	
68866.7	7293	0	0	1	1.61798	0	0	
68941.6	7304	0	0	2	1.61622	0	0	
69053.7	7315	0	0	2	1.6136	0	0	
69065.1	7315	0	0	1	1.61612	0	0	
69100	7319	0	0	1	1.61531	0	0	
69115.3	7321	0	0	2	1.61495	0	0	
69151.8	7326	0	0	3	1.61409	0	0	
69155.4	7326	0	0	2	1.61909	0	0	
69345.5	7350	0	0	3	1.61465	0	0	
69482.5	7369	0	0	3	1.6161	0	0	
69516.2	7370	0	0	3	1.6156	0	0	
69553	7373	0	0	2	1.62102	0	0	
69581.7	7377	0	0	1	1.62366	0	0	
69622.1	7381	0	0	1	1.63012	0	0	
69719.6	7393	0	0	1	1.62784	0	0	
69732.7	7393	0	0	0	1.62959	0	0	
69876.2	7415	0	0	0	1.62625	0	0	
69924.5	7421	0	0	0	1.62512	0	0	
70024.7	7433	0	0	1	1.6228	0	0	
70056	7434	0	0	1	1.62207	0	0	
70087.8	7436	0	0	1	1.62168	0	0	
70090.4	7437	0	0	1	1.62164	0	0	
70124.6	7440	0	0	1	1.62131	0	0	
70127	7440	0	0	1	1.62126	0	0	
70171.3	7444	0	0	1	1.62085	0	0	
70214.4	7447	0	0	2	1.61986	0	0	
70265.7	7451	0	0	2	1.61867	0	0	
70404.4	7470	0	0	2	1.61743	0	0	
70414.2	7472	0	0	2	1.62388	0	0	
70435.8	7474	0	0	2	1.6236	0	0	
70436.1	7474	0	0	2	1.6236	0	0	
70479.5	7476	0	0	2	1.6226	0	0	
70481.8	7477	0	0	2	1.62257	0	0	
70709.8	7502	0	0	1	1.62165	0	0	
70746.8	7505	0	0	2	1.6208	0	0	
70776.6	7507	0	0	1	1.62864	0	0	
70803.8	7510	0	0	1	1.62835	0	0	
70822.6	7511	0	0	1	1.62811	0	0	
70869.9	7518	0	0	2	1.62702	0	0	
70900	7521	0	0	1	1.62727	0	0	
70928.5	7525	0	0	2	1.62661	0	0	
70937.8	7525	0	0	2	1.6264	0	0	
71040.7	7537	0	0	1	1.62596	0	0	
71108.5	7548	0	0	1	1.62441	0	0	
71125.9	7551	0	0	1	1.62408	0	0	
71162.6	7552	0	0	1	1.62325	0	0	
71188.7	7553	0	0	0	1.62932	0	0	
71189.4	7553	0	0	0	1.62931	0	0	
71243.8	7561	0	0	0	1.62806	0	0	
71265.6	7565	0	0	0	1.62757	0	0	
71278.7	7568	0	0	0	1.62727	0	0	
71292.5	7572	0	0	0	1.62695	0	0	
71300	7572	0	0	0	1.62678	0	0	
71328.4	7576	0	0	0	1.62613	0	0	
71368.2	7580	0	0	0	1.62523	0	0	
71396.2	7583	0	0	1	1.62459	0	0	
71416.7	7583	0	0	0	1.62478	0	0	
71475.4	7588	0	0	1	1.62344	0	0	
71491.1	7588	0	0	0	1.62411	0	0	
71627.7	7601	0	0	0	1.62101	0	0	
71631.9	7602	0	0	1	1.62092	0	0	
71652.4	7605	0	0	2	1.62045	0	0	
71668.5	7606	0	0	2	1.62009	0	0	
71769.9	7618	0	0	1	1.61977	0	0	
71780.4	7621	0	0	1	1.61968	0	0	
71786.1	7622	0	0	1	1.62158	0	0	
71806.8	7625	0	0	2	1.62111	0	0	
71815.8	7626	0	0	2	1.62102	0	0	
71858.1	7629	0	0	2	1.6205	0	0	
71879.4	7632	0	0	1	1.62131	0	0	
71937	7635	0	0	1	1.62001	0	0	
71953.1	7636	0	0	0	1.62201	0	0	
71974.8	7640	0	0	0	1.62153	0	0	
71995.8	7645	0	0	1	1.62105	0	0	
72017.4	7646	0	0	1	1.62057	0	0	
72025.3	7647	0	0	2	1.62039	0	0	
72042.1	7650	0	0	2	1.62019	0	0	
72053.4	7654	0	0	2	1.61994	0	0	
72175	7671	0	0	2	1.61721	0	0	
72290.2	7690	0	0	2	1.61836	0	0	
72302.2	7690	0	0	1	1.6225	0	0	
72340.9	7695	0	0	1	1.62212	0	0	
72365.3	7696	0	0	2	1.62157	0	0	
72370.4	7696	0	0	1	1.6218	0	0	
72378	7696	0	0	1	1.62163	0	0	
72438.2	7704	0	0	0	1.62391	0	0	
72505.7	7711	0	0	0	1.6224	0	0	
72516.6	7713	0	0	0	1.62229	0	0	
72555.3	7718	0	0	0	1.62142	0	0	
72562	7719	0	0	1	1.62127	0	0	
72604.7	7723	0	0	2	1.62032	0	0	
72618.3	7725	0	0	2	1.62001	0	0	
72620.6	7725	0	0	1	1.62076	0	0	
72695	7734	0	0	2	1.6191	0	0	
72695.5	7734	0	0	1	1.62004	0	0	
72738.6	7737	0	0	2	1.61908	0	0	
72782.4	7741	0	0	2	1.61811	0	0	
72823.6	7745	0	0	2	1.61884	0	0	
72854	7749	0	0	2	1.61899	0	0	
72854.8	7749	0	0	1	1.61939	0	0	
72988.4	7763	0	0	1	1.61642	0	0	
73023.7	7764	0	0	2	1.61564	0	0	
73040.2	7766	0	0	3	1.61528	0	0	
73060.7	7769	0	0	3	1.62173	0	0	
73171.6	7780	0	0	3	1.62104	0	0	
73183.3	7781	0	0	2	1.62323	0	0	
73184.2	7781	0	0	1	1.62534	0	0	
73232.9	7785	0	0	0	1.62652	0	0	
73264.5	7788	0	0	1	1.62582	0	0	
73277.2	7788	0	0	1	1.62554	0	0	
73378.9	7797	0	0	0	1.62518	0	0	
73392.8	7797	0	0	0	1.62487	0	0	
73416.7	7799	0	0	0	1.62434	0	0	
73417.2	7799	0	0	0	1.62433	0	0	
73543.4	7806	0	0	1	1.62154	0	0	
73560.5	7808	0	0	1	1.62308	0	0	
73643.2	7823	0	0	2	1.62126	0	0	
73792.1	7843	0	0	3	1.61798	0	0	
73861.9	7851	0	0	3	1.61646	0	0	
73890.6	7853	0	0	2	1.6191	0	0	
74008.9	7869	0	0	2	1.6228	0	0	
74010.6	7869	0	0	2	1.62276	0	0	
74038.4	7872	0	0	1	1.62413	0	0	
74119.5	7880	0	0	1	1.62235	0	0	
74125.4	7880	0	0	1	1.62222	0	0	
74143.2	7882	0	0	2	1.62183	0	0	
74215.5	7887	0	0	2	1.62905	0	0	
74218.8	7887	0	0	2	1.62898	0	0	
74242.9	7888	0	0	1	1.62975	0	0	
74307.4	7893	0	0	2	1.62834	0	0	
74381.1	7904	0	0	2	1.62672	0	0	
74428.1	7907	0	0	3	1.6257	0	0	
74535.1	7912	0	0	3	1.62459	0	0	
74611.3	7924	0	0	2	1.62785	0	0	
74633.1	7929	0	0	2	1.62764	0	0	
74671.9	7931	0	0	2	1.63407	0	0	
74677.5	7931	0	0	1	1.63779	0	0	
74694.3	7932	0	0	1	1.63757	0	0	
74859.2	7949	0	0	1	1.63396	0	0	
74906.5	7950	0	0	1	1.63293	0	0	
74999.7	7959	0	0	1	1.63201	0	0	
75001.9	7959	0	0	1	1.63196	0	0	
75043.6	7962	0	0	1	1.63622	0	0	
75167.9	7974	0	0	1	1.63515	0	0	
75177	7974	0	0	1	1.63495	0	0	
75181.2	7974	0	0	1	1.63486	0	0	
75201.1	7974	0	0	0	1.63682	0	0	
75299.6	7982	0	0	1	1.63468	0	0	
75308.9	7983	0	0	0	1.63576	0	0	
75377.2	7990	0	0	0	1.63427	0	0	
75400.5	7993	0	0	0	1.63408	0	0	
75415.3	7993	0	0	0	1.63376	0	0	
75475.2	7997	0	0	1	1.63246	0	0	
75562.3	7999	0	0	1	1.63168	0	0	
75774.7	8019	0	0	1	1.62711	0	0	
75847.8	8029	0	0	1	1.62554	0	0	
76044.8	8045	0	0	0	1.6295	0	0	
76098.4	8052	0	0	1	1.62835	0	0	
76144.1	8055	0	0	1	1.62738	0	0	
76378.4	8080	0	0	2	1.62238	0	0	
76465.7	8093	0	0	2	1.62166	0	0	
76496.8	8093	0	0	1	1.62556	0	0	
76510.4	8096	0	0	2	1.62527	0	0	
76517.7	8097	0	0	2	1.62512	0	0	
76526.6	8098	0	0	1	1.63115	0	0	
76560.9	8102	0	0	2	1.63041	0	0	
76561.1	8102	0	0	1	1.63116	0	0	
76592.2	8103	0	0	2	1.6305	0	0	
76593	8103	0	0	1	1.63108	0	0	
76594.6	8103	0	0	1	1.63104	0	0	
76651	8108	0	0	2	1.62984	0	0	
76698.6	8112	0	0	2	1.62945	0	0	
76788.6	8121	0	0	1	1.63006	0	0	
76925.1	8135	0	0	1	1.6316	0	0	
76945.5	8137	0	0	2	1.63117	0	0	
76993	8141	0	0	2	1.63016	0	0	
77038.4	8145	0	0	2	1.6292	0	0	
77064.6	8146	0	0	1	1.63216	0	0	
77174.1	8158	0	0	2	1.62984	0	0	
77201.9	8159	0	0	3	1.62926	0	0	
77213.4	8161	0	0	3	1.62944	0	0	
77291.6	8172	0	0	2	1.63253	0	0	
77331.4	8178	0	0	3	1.63169	0	0	
77376.1	8186	0	0	2	1.63183	0	0	
77487.1	8197	0	0	2	1.63484	0	0	
77519.8	8200	0	0	1	1.63823	0	0	
77590.1	8209	0	0	0	1.63945	0	0	
77626.2	8212	0	0	0	1.63868	0	0	
77634.1	8213	0	0	1	1.63852	0	0	
77641.2	8214	0	0	2	1.63837	0	0	
77643.1	8214	0	0	2	1.63833	0	0	
77653	8215	0	0	2	1.63819	0	0	
77661.2	8220	0	0	2	1.63842	0	0	
77674.2	8222	0	0	1	1.63861	0	0	
77708.4	8224	0	0	1	1.63789	0	0	
77754.1	8231	0	0	1	1.63693	0	0	
77789.8	8234	0	0	1	1.63618	0	0	
77834.3	8239	0	0	1	1.63752	0	0	
77868.1	8243	0	0	2	1.63681	0	0	
77918.2	8250	0	0	2	1.63576	0	0	
77938.5	8251	0	0	1	1.63659	0	0	
77993.8	8251	0	0	1	1.63543	0	0	
78022.7	8255	0	0	2	1.63482	0	0	
78078.1	8259	0	0	2	1.63437	0	0	
78083.8	8259	0	0	1	1.638	0	0	
78120.6	8262	0	0	2	1.63723	0	0	
78123.3	8262	0	0	1	1.63761	0	0	
78155.3	8265	0	0	1	1.63733	0	0	
78198.5	8269	0	0	1	1.63643	0	0	
78213.7	8271	0	0	1	1.63611	0	0	
78317.7	8277	0	0	1	1.63393	0	0	
78335.6	8277	0	0	0	1.63786	0	0	
78363.3	8278	0	0	0	1.63728	0	0	
78423.9	8281	0	0	0	1.63602	0	0	
78440.7	8282	0	0	1	1.63567	0	0	
78489.2	8286	0	0	1	1.63466	0	0	
78596.8	8289	0	0	1	1.63242	0	0	
78634.5	8291	0	0	1	1.63201	0	0	
78647.8	8292	0	0	2	1.63173	0	0	
78717.3	8300	0	0	1	1.6313	0	0	
78754.6	8302	0	0	1	1.63053	0	0	
78843.8	8314	0	0	1	1.62868	0	0	
78880.1	8316	0	0	1	1.62793	0	0	
78976.6	8321	0	0	1	1.62702	0	0	
79090.5	8331	0	0	1	1.62468	0	0	
79159.6	8336	0	0	2	1.62326	0	0	
79185.6	8340	0	0	2	1.62273	0	0	
79203.2	8342	0	0	1	1.63216	0	0	
79231.1	8344	0	0	1	1.63158	0	0	
79245.2	8346	0	0	1	1.63315	0	0	
79260.9	8347	0	0	1	1.63288	0	0	
79471	8364	0	0	1	1.63119	0	0	
79613.6	8376	0	0	1	1.62827	0	0	
79667.6	8382	0	0	2	1.62716	0	0	
79697	8384	0	0	2	1.63233	0	0	
79723	8386	0	0	1	1.63307	0	0	
79743	8389	0	0	0	1.63354	0	0	
79788.2	8394	0	0	1	1.63262	0	0	
79865.5	8402	0	0	1	1.63104	0	0	
79890.8	8405	0	0	1	1.63052	0	0	
79987.9	8417	0	0	1	1.62854	0	0	
80024.4	8423	0	0	0	1.63126	0	0	
80056.5	8425	0	0	1	1.6306	0	0	
80060.2	8425	0	0	1	1.63053	0	0	
80184.1	8439	0	0	1	1.62947	0	0	
80194.3	8440	0	0	2	1.62926	0	0	
80288.4	8454	0	0	2	1.62736	0	0	
80346.8	8459	0	0	3	1.62617	0	0	
80443.7	8474	0	0	2	1.62612	0	0	
80474.1	8477	0	0	2	1.62587	0	0	
80533.7	8484	0	0	1	1.62899	0	0	
80544.7	8487	0	0	1	1.62888	0	0	
80649.4	8499	0	0	1	1.63446	0	0	
80703.3	8508	0	0	1	1.63394	0	0	
80745.9	8511	0	0	1	1.63308	0	0	
80770.2	8513	0	0	2	1.63259	0	0	
80800	8519	0	0	2	1.63199	0	0	
80814.2	8519	0	0	2	1.6317	0	0	
80815.9	8519	0	0	1	1.6325	0	0	
80881.4	8523	0	0	2	1.63118	0	0	
80892.3	8526	0	0	2	1.63104	0	0	
80940.9	8533	0	0	2	1.63492	0	0	
80992.2	8540	0	0	1	1.63509	0	0	
80993.6	8540	0	0	1	1.63506	0	0	
81073.9	8554	0	0	1	1.63659	0	0	
81100.3	8556	0	0	0	1.63734	0	0	
81136.3	8558	0	0	1	1.63661	0	0	
81230.6	8563	0	0	1	1.63471	0	0	
81311	8571	0	0	0	1.63556	0	0	
81350.1	8575	0	0	0	1.63477	0	0	
81403.7	8581	0	0	0	1.6337	0	0	
81411.8	8582	0	0	0	1.63356	0	0	
81587	8603	0	0	0	1.63006	0	0	
81593.9	8603	0	0	0	1.62992	0	0	
81622.6	8605	0	0	0	1.62935	0	0	
81652.2	8607	0	0	0	1.62875	0	0	
81696.1	8610	0	0	1	1.62788	0	0	
81728.3	8612	0	0	0	1.62816	0	0	
81781.9	8616	0	0	0	1.6271	0	0	
81788.4	8616	0	0	0	1.62697	0	0	
81816.7	8619	0	0	0	1.62671	0	0	
81823.6	8620	0	0	0	1.62657	0	0	
81852.2	8625	0	0	0	1.62601	0	0	
81874.7	8627	0	0	1	1.62556	0	0	
81875.3	8627	0	0	1	1.62555	0	0	
81893.9	8629	0	0	1	1.62564	0	0	
81907.3	8629	0	0	1	1.62537	0	0	
81930.7	8633	0	0	2	1.62491	0	0	
81992.2	8639	0	0	2	1.62369	0	0	
82033.8	8642	0	0	2	1.62438	0	0	
82035.3	8642	0	0	1	1.62611	0	0	
82067.7	8647	0	0	1	1.62547	0	0	
82073.5	8648	0	0	1	1.62535	0	0	
82099.2	8653	0	0	2	1.62484	0	0	
82105.2	8653	0	0	1	1.62497	0	0	
82119.6	8654	0	0	1	1.62469	0	0	
82168.8	8659	0	0	1	1.62371	0	0	
82189.8	8660	0	0	2	1.6233	0	0	
82239.9	8668	0	0	2	1.62284	0	0	
82410.1	8686	0	0	2	1.62146	0	0	
82422.5	8688	0	0	1	1.62429	0	0	
82490.6	8701	0	0	1	1.62295	0	0	
82707.1	8726	0	0	2	1.6187	0	0	
82749.7	8733	0	0	2	1.627	0	0	
82776.3	8735	0	0	2	1.62991	0	0	
82881.2	8746	0	0	1	1.62992	0	0	
82918.7	8750	0	0	1	1.62918	0	0	
83000	8756	0	0	1	1.62853	0	0	
83066	8760	0	0	1	1.62724	0	0	
83129.2	8768	0	0	0	1.63055	0	0	
83130.3	8768	0	0	0	1.63053	0	0	
83274.9	8783	0	0	2	1.6277	0	0	
83293.4	8784	0	0	1	1.62926	0	0	
83431.1	8792	0	0	1	1.6282	0	0	
83550.1	8802	0	0	2	1.62588	0	0	
83642.2	8813	0	0	1	1.62661	0	0	
83666.8	8818	0	0	2	1.62613	0	0	
83790.1	8830	0	0	2	1.62374	0	0	
83813.8	8830	0	0	1	1.63142	0	0	
83835.6	8832	0	0	2	1.63099	0	0	
83840	8833	0	0	2	1.63091	0	0	
83891.8	8838	0	0	2	1.63049	0	0	
83927.9	8843	0	0	1	1.63319	0	0	
83943	8844	0	0	2	1.63289	0	0	
83951.2	8844	0	0	2	1.63273	0	0	
83972.4	8845	0	0	1	1.63415	0	0	
84068.9	8855	0	0	2	1.63228	0	0	
84121	8864	0	0	2	1.63352	0	0	
84190.7	8871	0	0	2	1.63298	0	0	
84225.9	8875	0	0	1	1.63411	0	0	
84329.3	8886	0	0	1	1.63627	0	0	
84344.2	8887	0	0	0	1.63724	0	0	
84485.7	8898	0	0	0	1.6345	0	0	
84528.9	8905	0	0	0	1.63366	0	0	
84600.9	8912	0	0	1	1.63227	0	0	
84736.6	8924	0	0	1	1.62966	0	0	
84846.2	8931	0	0	1	1.62755	0	0	
84856.5	8932	0	0	2	1.62735	0	0	
84883.6	8933	0	0	1	1.631	0	0	
84961.8	8942	0	0	1	1.6295	0	0	
85001.7	8942	0	0	0	1.63052	0	0	
85006.1	8942	0	0	0	1.63044	0	0	
85044.7	8945	0	0	0	1.6297	0	0	
85154.8	8955	0	0	0	1.62882	0	0	
85230.1	8966	0	0	1	1.62738	0	0	
85232.4	8966	0	0	1	1.62734	0	0	
85345.5	8972	0	0	0	1.62739	0	0	
85424.8	8980	0	0	0	1.62588	0	0	
85445.7	8985	0	0	1	1.62549	0	0	
85482.9	8987	0	0	1	1.62478	0	0	
85483.1	8987	0	0	0	1.62544	0	0	
85610.4	9003	0	0	0	1.62302	0	0	
85621.2	9003	0	0	0	1.62282	0	0	
85660.9	9008	0	0	0	1.62207	0	0	
85678.9	9009	0	0	0	1.62172	0	0	
85706.2	9011	0	0	1	1.62121	0	0	
85738.2	9014	0	0	2	1.6206	0	0	
85745.8	9015	0	0	2	1.62046	0	0	
85756.6	9015	0	0	2	1.62026	0	0	
85780.8	9016	0	0	2	1.62052	0	0	
85791	9017	0	0	2	1.6204	0	0	
85893.5	9031	0	0	2	1.61846	0	0	
86054.7	9044	0	0	2	1.61543	0	0	
86069.1	9045	0	0	2	1.61876	0	0	
86081	9046	0	0	1	1.61881	0	0	
86211.6	9064	0	0	1	1.61783	0	0	
86235.9	9065	0	0	2	1.61738	0	0	
86304.4	9073	0	0	1	1.62331	0	0	
86382	9085	0	0	2	1.62185	0	0	
86382.5	9086	0	0	2	1.62184	0	0	
