221.612	21	0	0	21	0	
223.498	21	0	0	20	0.891766	
227.022	21	0	0	20	0.877923	
253.853	23	0	0	22	0.785131	
324.568	35	0	0	33	0.614071	
334.542	37	0	0	32	1.52917	
358.773	40	0	0	32	2.35165	
361.131	40	0	0	31	3.15192	
372.978	41	0	0	30	3.87774	
405.713	44	0	0	30	3.56487	
407.855	44	0	0	29	4.36617	
442.462	48	0	0	30	4.02467	
476.839	52	0	0	30	3.73452	
495.489	54	0	0	30	3.59395	
584.024	64	0	0	30	3.04913	
602.011	68	0	0	29	3.79364	
636.428	73	0	0	29	3.58849	
736.225	81	0	0	29	3.10206	
746.356	82	0	0	28	3.92014	
831.161	95	0	0	29	3.52016	
833.869	97	0	0	29	3.50873	
900.468	107	0	0	29	3.24922	
916.113	107	0	0	29	3.19373	
1030.36	119	0	0	29	2.83961	
1030.49	119	0	0	28	3.73509	
1059.19	120	0	0	28	3.63385	
1104.59	126	0	0	28	3.4845	
1118.65	127	0	0	28	3.44072	
1123.74	128	0	0	27	4.38614	
1152.05	129	0	0	27	4.27837	
1191.09	137	0	0	27	4.13813	
1196.31	137	0	0	27	4.12007	
1210.61	139	0	0	26	4.95934	
1218.76	139	0	0	25	5.8021	
1290.37	148	0	0	24	6.38479	
1317.13	150	0	0	25	6.25511	
1356.27	159	0	0	24	6.95752	
1369.41	160	0	0	24	6.89076	
1371.59	160	0	0	24	6.87983	
1384.11	160	0	0	24	6.81757	
1475.85	167	0	0	24	6.3938	
1521.65	172	0	0	23	7.09217	
1538.94	175	0	0	22	7.89723	
1556.44	175	0	0	21	8.72003	
1579.4	176	0	0	20	9.47361	
1686.46	184	0	0	19	9.7691	
1699.27	185	0	0	19	9.69546	
1731.91	191	0	0	19	9.5127	
1740.52	191	0	0	18	10.3336	
1820.59	201	0	0	18	9.87907	
1849.24	207	0	0	17	10.6084	
1950.69	226	0	0	17	10.0567	
1974.74	228	0	0	17	9.93418	
1985.03	231	0	0	17	9.88269	
2032.38	235	0	0	17	9.65246	
2084.75	248	0	0	16	10.2872	
2098.2	251	0	0	16	10.2213	
2098.59	251	0	0	16	10.2194	
2112.02	251	0	0	15	11.064	
2143.22	252	0	0	15	11.782	
2215.97	269	0	0	14	12.2728	
2299.06	282	0	0	13	12.7258	
2307.87	283	0	0	13	13.5588	
2309.02	283	0	0	13	13.552	
2314.67	284	0	0	13	13.5189	
2342.91	288	0	0	13	13.356	
2383.3	301	0	0	13	13.1297	
2415.07	307	0	0	12	13.8473	
2506.89	323	0	0	12	14.2315	
2515.68	325	0	0	12	15.0651	
2528.88	328	0	0	13	14.9865	
2576.1	344	0	0	13	15.596	
2618.07	351	0	0	13	16.2374	
2634	351	0	0	13	16.1391	
2644.3	353	0	0	15	16.0763	
2653.28	355	0	0	14	16.9046	
2788	385	0	0	15	16.0878	
2799.3	387	0	0	15	16.0228	
2848.48	390	0	0	16	15.7462	
2861.39	394	0	0	15	15.6955	
2904.32	399	0	0	15	15.4635	
2907.68	401	0	0	16	15.4456	
2937.59	406	0	0	16	15.2884	
2974.47	409	0	0	16	15.0988	
3064.77	416	0	0	17	14.654	
3066.86	417	0	0	18	14.644	
3070.78	417	0	0	17	14.6269	
3076.06	418	0	0	18	14.6018	
3076.12	418	0	0	17	15.5016	
3087.8	419	0	0	17	15.4444	
3165.03	427	0	0	16	15.1277	
3221.61	435	0	0	15	14.9603	
3378.55	452	0	0	15	14.2654	
3388.45	452	0	0	15	14.2237	
3528.8	471	0	0	15	13.658	
3598.67	475	0	0	15	13.3928	
3654.84	478	0	0	15	13.2013	
3715.39	488	0	0	15	13.0023	
3733.59	490	0	0	15	12.9422	
3763.23	499	0	0	15	12.8403	
3768.26	499	0	0	15	12.8232	
3780.24	500	0	0	15	12.7825	
3867.64	517	0	0	15	12.4937	
3900.56	525	0	0	15	12.6	
3902.8	525	0	0	15	12.5928	
3912.84	525	0	0	15	12.5604	
3913.26	525	0	0	14	12.5704	
3921.64	525	0	0	14	12.5435	
3960.61	535	0	0	14	12.4201	
4001.34	541	0	0	14	12.2936	
4021.77	544	0	0	14	12.2312	
4032.78	545	0	0	15	12.1978	
4048.63	548	0	0	15	12.15	
4084.06	553	0	0	15	12.0447	
4091.44	556	0	0	15	12.0229	
4162.6	575	0	0	15	11.8174	
4173.4	580	0	0	15	11.7868	
4186.07	582	0	0	15	11.7511	
4204.46	583	0	0	15	11.6997	
4207.2	583	0	0	15	11.6921	
4240.3	587	0	0	15	11.6524	
4247.44	587	0	0	15	11.6328	
4260.42	589	0	0	15	11.609	
4274.4	590	0	0	15	11.571	
4276.71	592	0	0	15	11.5648	
4323.65	594	0	0	15	11.4392	
4333.48	596	0	0	15	11.4133	
4333.78	596	0	0	15	11.4125	
4429.63	606	0	0	16	11.1655	
4487.4	614	0	0	16	11.0541	
4532.09	620	0	0	16	11.0067	
4567.93	622	0	0	16	10.9203	
4585.81	623	0	0	16	10.8987	
4601.9	626	0	0	16	10.8977	
4626.73	628	0	0	15	10.848	
4627.13	628	0	0	15	10.8471	
4739.25	637	0	0	16	10.5904	
4754.49	640	0	0	15	10.5811	
4768.54	644	0	0	16	10.5499	
4784.11	646	0	0	17	10.5156	
4953.76	663	0	0	16	10.1926	
4980	666	0	0	16	10.1388	
5047.19	676	0	0	16	10.0039	
5219.19	698	0	0	17	9.67419	
5234.46	700	0	0	17	9.64854	
5242.97	701	0	0	18	9.63289	
5261.08	702	0	0	17	9.69575	
5263.71	703	0	0	17	9.82294	
5265.2	703	0	0	16	9.82047	
5358.27	719	0	0	17	9.66675	
5405.11	721	0	0	17	9.58297	
5421.48	723	0	0	17	9.55404	
5434.65	726	0	0	17	9.53088	
5464.15	729	0	0	16	9.52086	
5541.37	739	0	0	15	9.47658	
5568.12	743	0	0	15	9.43104	
5586.75	746	0	0	15	9.4023	
5679.55	749	0	0	15	9.24866	
5707.38	752	0	0	15	9.20357	
5710.5	752	0	0	15	9.19854	
5828.12	757	0	0	16	9.0129	
5870.68	759	0	0	16	8.94755	
5923.1	764	0	0	16	8.86837	
5981.2	767	0	0	15	8.8249	
6012.3	769	0	0	16	8.77924	
6015.36	769	0	0	16	8.77478	
6021.03	769	0	0	16	8.76651	
6035.73	771	0	0	15	8.87254	
6115.14	783	0	0	16	8.75733	
6140.43	786	0	0	16	8.72126	
6211.63	793	0	0	16	8.64918	
6229.66	794	0	0	16	8.66355	
6316.57	802	0	0	16	8.55797	
6414.27	813	0	0	15	8.45828	
6456.9	818	0	0	15	8.40243	
6472.79	819	0	0	15	8.3818	
6485.65	820	0	0	15	8.4179	
6567.96	829	0	0	14	8.32662	
6606.74	832	0	0	15	8.27774	
6619.21	832	0	0	15	8.26215	
6643.16	839	0	0	15	8.23237	
6717.04	854	0	0	15	8.14182	
6740.47	860	0	0	15	8.11352	
6754.94	861	0	0	15	8.09613	
6828.81	869	0	0	14	8.04663	
6895.56	877	0	0	15	7.96874	
6907.99	880	0	0	15	7.95441	
6935.36	888	0	0	15	7.92301	
6955.21	891	0	0	16	7.90039	
7059.39	905	0	0	15	7.81629	
7086.58	909	0	0	15	7.78629	
7091.97	912	0	0	16	7.78038	
7104.22	914	0	0	15	7.7691	
7153.99	916	0	0	16	7.71505	
7155.65	917	0	0	17	7.71326	
7176.07	920	0	0	17	7.69131	
7246.4	926	0	0	16	7.63613	
7254.03	926	0	0	15	7.67162	
7283.26	930	0	0	15	7.64083	
7321.83	940	0	0	16	7.60059	
7349.26	944	0	0	16	7.57221	
7406.09	946	0	0	16	7.51411	
7472.25	954	0	0	16	7.4564	
7555.43	968	0	0	16	7.385	
7608.94	974	0	0	16	7.33307	
7667.13	977	0	0	15	7.34422	
7765.99	988	0	0	15	7.25073	
7770.22	988	0	0	15	7.24678	
7790.33	989	0	0	15	7.22808	
7858.35	997	0	0	16	7.16551	
7859.36	997	0	0	16	7.1646	
7883.29	999	0	0	15	7.1542	
7895.15	999	0	0	15	7.14344	
7914.74	1001	0	0	15	7.12576	
7959.67	1008	0	0	15	7.08555	
8029.49	1014	0	0	14	7.11659	
8060.95	1014	0	0	14	7.08881	
8073.1	1016	0	0	14	7.07814	
8118.19	1025	0	0	14	7.03883	
8148.74	1029	0	0	14	7.01244	
8192.43	1034	0	0	15	6.97505	
8309.25	1052	0	0	15	6.87698	
8345.63	1054	0	0	15	6.85129	
8401	1067	0	0	15	6.80613	
8452.41	1074	0	0	15	6.76474	
8469.53	1078	0	0	15	6.75107	
8494.29	1081	0	0	15	6.73139	
8525.73	1082	0	0	15	6.70656	
8556.42	1083	0	0	14	6.72993	
8614.35	1087	0	0	14	6.68467	
8631.97	1087	0	0	14	6.67103	
8645.05	1093	0	0	14	6.66094	
8752.08	1120	0	0	14	6.57947	
8787.73	1124	0	0	14	6.55279	
8813.94	1126	0	0	14	6.5333	
8879.2	1130	0	0	14	6.48528	
8927.56	1131	0	0	14	6.45015	
8993.5	1141	0	0	15	6.40286	
9005.34	1143	0	0	15	6.39444	
9054.74	1145	0	0	16	6.35956	
9081.8	1148	0	0	16	6.3406	
9141.18	1153	0	0	16	6.29942	
9164.83	1157	0	0	16	6.30006	
9236.21	1165	0	0	16	6.25137	
9250.6	1166	0	0	16	6.24165	
9265.01	1167	0	0	16	6.23194	
9335.9	1172	0	0	16	6.19182	
9390.36	1180	0	0	15	6.18232	
9423.99	1182	0	0	16	6.16026	
9469.08	1186	0	0	16	6.13093	
9509.8	1192	0	0	16	6.16569	
9628.4	1209	0	0	15	6.10605	
9644.39	1213	0	0	15	6.09732	
9670.91	1216	0	0	15	6.10859	
9716.32	1221	0	0	16	6.08004	
9716.97	1221	0	0	16	6.07964	
9755.45	1226	0	0	16	6.05565	
9774.52	1229	0	0	15	6.05423	
9850.03	1236	0	0	15	6.00782	
9905.85	1241	0	0	15	6.00001	
9913.66	1241	0	0	15	5.99529	
10064.4	1258	0	0	16	5.90547	
10120.7	1266	0	0	16	5.89289	
10173.7	1269	0	0	16	5.86219	
10185	1271	0	0	16	5.85675	
10199.3	1274	0	0	15	5.88267	
10219.5	1276	0	0	15	5.87301	
10236.9	1277	0	0	15	5.86304	
10483.3	1305	0	0	15	5.72521	
10488.7	1307	0	0	15	5.72226	
10494.7	1308	0	0	15	5.75986	
10496	1308	0	0	14	5.75968	
10499.7	1308	0	0	14	5.75764	
10524.2	1311	0	0	14	5.74604	
10572.9	1327	0	0	15	5.71955	
10607.4	1333	0	0	15	5.70092	
10638.9	1341	0	0	15	5.68406	
10641.4	1341	0	0	15	5.68273	
10664.5	1344	0	0	16	5.67044	
10864.3	1369	0	0	16	5.5841	
10895.1	1374	0	0	16	5.56829	
10909.8	1374	0	0	16	5.5608	
10938.3	1382	0	0	15	5.58409	
10943.8	1382	0	0	14	5.60889	
10957	1383	0	0	15	5.60211	
10961.5	1383	0	0	15	5.59981	
11077.4	1394	0	0	15	5.54124	
11177.2	1403	0	0	15	5.49177	
11250.3	1416	0	0	16	5.45609	
11337	1428	0	0	16	5.41437	
11510	1441	0	0	16	5.38183	
11553.2	1443	0	0	17	5.36171	
11574.5	1447	0	0	18	5.35183	
11589.1	1448	0	0	17	5.35118	
11600.4	1449	0	0	16	5.38216	
11626.6	1453	0	0	16	5.37004	
11661.8	1458	0	0	17	5.35383	
11680.2	1459	0	0	17	5.34693	
11687.1	1459	0	0	16	5.35498	
11692.3	1459	0	0	16	5.35259	
11711	1462	0	0	17	5.34405	
11749.4	1466	0	0	16	5.36163	
11750.5	1466	0	0	16	5.36115	
11763.5	1468	0	0	16	5.35522	
11839.7	1485	0	0	16	5.32076	
11889.2	1491	0	0	16	5.29857	
11893	1491	0	0	15	5.31927	
11932.2	1503	0	0	16	5.30181	
11973.6	1514	0	0	16	5.28345	
11989.4	1515	0	0	16	5.27652	
11996.3	1515	0	0	16	5.27347	
12014.5	1520	0	0	16	5.29219	
12036.3	1523	0	0	16	5.28261	
12058.4	1530	0	0	16	5.27292	
12148.4	1538	0	0	17	5.23388	
12155.1	1538	0	0	16	5.25248	
12246.5	1564	0	0	16	5.21326	
12251.2	1564	0	0	15	5.22694	
12281.9	1565	0	0	15	5.21389	
12288.4	1565	0	0	14	5.23485	
12294.5	1565	0	0	14	5.23224	
12309.5	1566	0	0	14	5.22587	
12333.3	1567	0	0	14	5.21577	
12366.7	1570	0	0	14	5.20168	
12398.5	1574	0	0	14	5.18837	
12457.4	1584	0	0	14	5.16381	
12535.7	1587	0	0	15	5.13156	
12600.4	1592	0	0	15	5.10523	
12671.5	1602	0	0	14	5.09314	
12683.4	1603	0	0	15	5.08839	
12686.2	1604	0	0	14	5.08837	
12700.6	1606	0	0	14	5.08259	
12716.4	1610	0	0	14	5.07627	
12761.4	1612	0	0	14	5.05839	
12787.2	1614	0	0	14	5.05	
12946.2	1636	0	0	14	4.98798	
13053.2	1643	0	0	14	4.94711	
13060.7	1644	0	0	15	4.94427	
13072.8	1645	0	0	15	4.93971	
13165.7	1656	0	0	15	4.90482	
13167.8	1656	0	0	15	4.90407	
13198.7	1662	0	0	15	4.89426	
13221.1	1666	0	0	16	4.88597	
13230.5	1668	0	0	16	4.88311	
13284.2	1671	0	0	15	4.86981	
13348	1678	0	0	15	4.84652	
13357.2	1679	0	0	15	4.8432	
13430.8	1687	0	0	15	4.81666	
13531.1	1699	0	0	16	4.78095	
13557.9	1700	0	0	16	4.77149	
13672	1712	0	0	15	4.74929	
13685	1712	0	0	14	4.79086	
13769.3	1722	0	0	14	4.76152	
13794.8	1723	0	0	14	4.75272	
13909.2	1734	0	0	14	4.71361	
13936.2	1737	0	0	15	4.70451	
14012.9	1744	0	0	15	4.67874	
14088	1748	0	0	15	4.6538	
14141.1	1752	0	0	15	4.63632	
14151	1753	0	0	15	4.65008	
14222.2	1759	0	0	15	4.6268	
14262.6	1761	0	0	15	4.61368	
14283.2	1764	0	0	15	4.60811	
14289.9	1765	0	0	16	4.60594	
14309.2	1769	0	0	16	4.61115	
14339.9	1774	0	0	17	4.6013	
14359.5	1776	0	0	16	4.59984	
14402.8	1780	0	0	15	4.5924	
14426.2	1785	0	0	15	4.58494	
14442.3	1789	0	0	15	4.57983	
14449.3	1791	0	0	15	4.57762	
14597.9	1821	0	0	15	4.55229	
14645.5	1829	0	0	16	4.53751	
14750.6	1858	0	0	16	4.50518	
14776.8	1861	0	0	16	4.49896	
14908.6	1883	0	0	16	4.45918	
14909	1883	0	0	15	4.48924	
14924.2	1885	0	0	14	4.50644	
15073.5	1921	0	0	15	4.46181	
15091.7	1929	0	0	15	4.45644	
15118.9	1939	0	0	15	4.4484	
15131.4	1941	0	0	15	4.45839	
15137.7	1944	0	0	15	4.45755	
15227.8	1961	0	0	14	4.43722	
15252.6	1967	0	0	15	4.43	
15262.5	1969	0	0	15	4.42713	
15328.5	1979	0	0	16	4.40808	
15332.9	1979	0	0	16	4.4068	
15367.6	1982	0	0	15	4.40553	
15412.6	1986	0	0	15	4.39267	
15439.1	1992	0	0	14	4.39634	
15491.3	2000	0	0	14	4.38154	
15524.6	2002	0	0	14	4.37213	
15645.3	2016	0	0	14	4.33839	
15651.1	2018	0	0	14	4.33678	
15696.6	2023	0	0	14	4.32422	
15736.5	2030	0	0	14	4.31565	
15781.4	2031	0	0	14	4.30338	
15863.5	2038	0	0	14	4.28111	
16049.9	2054	0	0	14	4.2314	
16091.9	2059	0	0	14	4.22034	
16092.5	2059	0	0	14	4.22018	
16126.9	2067	0	0	14	4.21119	
16144.8	2070	0	0	14	4.20651	
16402.4	2121	0	0	14	4.14044	
16457.4	2129	0	0	14	4.12662	
16543.6	2133	0	0	15	4.10511	
16614.5	2140	0	0	15	4.08758	
16673.5	2146	0	0	15	4.07313	
16703.2	2149	0	0	16	4.06589	
16732.3	2152	0	0	16	4.05881	
16737	2153	0	0	16	4.07396	
16837.6	2163	0	0	16	4.0496	
16853.2	2166	0	0	17	4.04585	
16943.3	2174	0	0	16	4.03978	
16974.9	2176	0	0	16	4.03226	
16978.3	2177	0	0	16	4.03144	
17001.6	2179	0	0	15	4.03557	
17004	2179	0	0	14	4.05097	
17043.3	2183	0	0	15	4.04161	
17128.4	2196	0	0	15	4.02155	
17133.2	2197	0	0	15	4.02041	
17245.9	2218	0	0	16	3.99416	
17260.6	2219	0	0	16	3.99074	
17266.5	2220	0	0	15	4.00433	
17316.3	2231	0	0	15	3.99281	
17354.8	2237	0	0	16	3.98395	
17375.5	2240	0	0	16	3.9792	
17394.3	2243	0	0	16	3.97491	
17447.5	2249	0	0	16	3.96277	
17456.6	2249	0	0	15	3.96861	
17461.4	2249	0	0	15	3.96751	
17490.3	2250	0	0	16	3.96097	
17608.5	2262	0	0	15	3.96135	
17633	2262	0	0	15	3.95584	
17658.6	2264	0	0	16	3.9501	
17673.9	2266	0	0	15	3.94886	
17674.8	2266	0	0	14	3.96065	
17679.7	2266	0	0	14	3.95957	
17695.3	2268	0	0	15	3.95607	
17731.1	2273	0	0	15	3.94807	
17750.6	2277	0	0	16	3.94374	
17767.5	2281	0	0	17	3.93999	
17809.8	2285	0	0	16	3.93378	
17837.7	2292	0	0	17	3.92764	
17864.6	2294	0	0	17	3.92909	
17884.7	2298	0	0	17	3.92468	
17887.6	2299	0	0	16	3.92617	
17932	2305	0	0	16	3.92281	
18070.9	2318	0	0	15	3.90263	
18078	2320	0	0	14	3.92292	
18093	2323	0	0	14	3.92042	
18106.8	2326	0	0	15	3.91743	
18131.2	2328	0	0	15	3.91217	
18159.7	2331	0	0	15	3.90603	
18360.2	2357	0	0	15	3.86337	
18386	2360	0	0	14	3.87352	
18399.7	2361	0	0	14	3.87064	
18446.5	2363	0	0	14	3.86082	
18480.3	2365	0	0	15	3.85376	
18513.2	2366	0	0	15	3.84691	
18579.2	2376	0	0	15	3.83325	
18582.9	2377	0	0	15	3.83266	
18585.4	2378	0	0	15	3.83216	
18617.6	2383	0	0	15	3.83448	
18622.3	2384	0	0	15	3.83351	
18622.9	2384	0	0	15	3.83339	
18630.9	2385	0	0	16	3.83175	
18643.2	2385	0	0	16	3.82922	
18800.6	2400	0	0	16	3.80627	
18804.3	2401	0	0	16	3.8057	
18871.4	2408	0	0	16	3.79216	
18983.2	2418	0	0	16	3.76983	
19043.5	2423	0	0	16	3.75789	
19054.2	2424	0	0	16	3.75579	
19101.1	2429	0	0	15	3.77017	
19103.4	2429	0	0	15	3.7697	
19116.1	2432	0	0	15	3.7672	
19141.5	2433	0	0	15	3.7622	
19171.4	2435	0	0	15	3.75633	
19221.3	2448	0	0	16	3.74659	
19280.3	2458	0	0	16	3.73511	
19289.6	2462	0	0	16	3.73332	
19299.1	2462	0	0	16	3.73148	
19311.5	2464	0	0	16	3.72909	
19319.9	2465	0	0	16	3.72745	
19367.9	2468	0	0	16	3.71823	
19443.9	2478	0	0	16	3.70369	
19523.4	2492	0	0	16	3.68861	
19526.6	2492	0	0	16	3.68799	
19534.5	2494	0	0	16	3.6865	
19564.7	2495	0	0	15	3.70086	
19587.4	2496	0	0	15	3.69734	
19594.6	2498	0	0	15	3.69623	
19632.8	2500	0	0	15	3.68902	
19685.5	2505	0	0	15	3.67915	
19770.1	2508	0	0	15	3.66341	
19804.2	2512	0	0	15	3.65709	
19857.8	2520	0	0	16	3.64723	
19889.3	2524	0	0	16	3.64144	
19943.1	2536	0	0	15	3.6385	
19946.6	2537	0	0	16	3.63786	
19969.5	2541	0	0	15	3.70278	
20003.6	2545	0	0	15	3.69647	
20055.8	2558	0	0	15	3.68686	
20097.7	2567	0	0	15	3.67917	
20103.3	2568	0	0	15	3.68601	
20145.8	2574	0	0	15	3.67824	
20214.4	2580	0	0	15	3.66576	
20305.7	2591	0	0	15	3.64928	
20325.9	2592	0	0	15	3.64565	
20374.1	2604	0	0	15	3.63933	
20396.2	2608	0	0	16	3.6354	
20404.5	2608	0	0	16	3.63393	
20410.5	2608	0	0	16	3.63285	
20415.9	2609	0	0	16	3.64746	
20458.1	2613	0	0	17	3.63993	
20506.1	2615	0	0	17	3.6314	
20508.4	2615	0	0	16	3.63524	
20608	2632	0	0	15	3.6289	
20659.2	2641	0	0	16	3.61991	
20687.1	2644	0	0	16	3.61503	
20713.7	2649	0	0	15	3.62479	
20733.9	2652	0	0	16	3.62127	
20737.7	2653	0	0	16	3.6206	
20749.7	2653	0	0	15	3.62509	
20762.5	2655	0	0	16	3.62285	
20782.7	2656	0	0	16	3.61934	
20803	2660	0	0	15	3.6182	
20844.4	2665	0	0	15	3.61101	
20995.7	2680	0	0	15	3.585	
21040	2686	0	0	15	3.57744	
21055.4	2689	0	0	15	3.59099	
21075.5	2692	0	0	15	3.58758	
21099	2698	0	0	15	3.58358	
21159.3	2708	0	0	15	3.57336	
21234.1	2715	0	0	15	3.56077	
21246.2	2716	0	0	14	3.56836	
21248.2	2716	0	0	14	3.56802	
21272	2718	0	0	14	3.56403	
21305	2724	0	0	14	3.55851	
21307.8	2724	0	0	14	3.55805	
21354.9	2731	0	0	15	3.55021	
21357.3	2732	0	0	16	3.5498	
21358.6	2732	0	0	16	3.54959	
21441.2	2739	0	0	15	3.54206	
21474	2744	0	0	15	3.53664	
21526.7	2749	0	0	15	3.52799	
21535.6	2752	0	0	15	3.52652	
21566.5	2763	0	0	15	3.52148	
21619.9	2774	0	0	15	3.51278	
21706.1	2782	0	0	14	3.51495	
21740.8	2788	0	0	14	3.50935	
21793	2804	0	0	14	3.50093	
21862.1	2817	0	0	15	3.48988	
21864.8	2817	0	0	14	3.49214	
21895.4	2821	0	0	15	3.48727	
21908.1	2821	0	0	15	3.48524	
21918.2	2825	0	0	15	3.48363	
21934.9	2829	0	0	15	3.48098	
21952.8	2830	0	0	15	3.47814	
21958.2	2830	0	0	15	3.4773	
21984.2	2834	0	0	15	3.47319	
21999.8	2836	0	0	15	3.47071	
22067.1	2846	0	0	15	3.46014	
22099.3	2847	0	0	15	3.45509	
22197.8	2859	0	0	15	3.43975	
22222.1	2864	0	0	16	3.436	
22257	2870	0	0	15	3.448	
22310.2	2887	0	0	16	3.43978	
22331	2889	0	0	16	3.43658	
22408.5	2893	0	0	16	3.4247	
22438.4	2896	0	0	16	3.42013	
22454.5	2898	0	0	16	3.41768	
22500.1	2902	0	0	16	3.41075	
22502.5	2903	0	0	15	3.42129	
22516.3	2904	0	0	15	3.4192	
22537.8	2906	0	0	15	3.41594	
22559	2907	0	0	15	3.41334	
22598.2	2911	0	0	15	3.40743	
22605.5	2911	0	0	15	3.40631	
22642.3	2917	0	0	14	3.42033	
22664.3	2922	0	0	15	3.41701	
22679.5	2922	0	0	14	3.41629	
22708.5	2930	0	0	14	3.41191	
22763.4	2936	0	0	14	3.40368	
22825.3	2946	0	0	14	3.39445	
22844.8	2948	0	0	15	3.39156	
22854.7	2948	0	0	14	3.39132	
22888.6	2949	0	0	15	3.38629	
22939	2955	0	0	15	3.37885	
22980.4	2958	0	0	15	3.37277	
23001.9	2961	0	0	15	3.37574	
23172.2	2987	0	0	16	3.35093	
23176.9	2988	0	0	16	3.35863	
23315.2	3002	0	0	16	3.3387	
23320.9	3002	0	0	16	3.33789	
23325.7	3002	0	0	15	3.35084	
23341.7	3006	0	0	15	3.34854	
23357.7	3008	0	0	16	3.34626	
23394.2	3014	0	0	16	3.34104	
23396.1	3014	0	0	15	3.34264	
23425.1	3023	0	0	15	3.33851	
23432.7	3024	0	0	15	3.33742	
23444.9	3027	0	0	15	3.33605	
23489.4	3038	0	0	14	3.34321	
23513.6	3045	0	0	15	3.33977	
23524.6	3045	0	0	15	3.33821	
23561.1	3048	0	0	16	3.33303	
23591.3	3050	0	0	16	3.33298	
23611.3	3053	0	0	16	3.33015	
23618.8	3054	0	0	16	3.32909	
23657.9	3059	0	0	15	3.32922	
23676.5	3060	0	0	15	3.33142	
23744.9	3064	0	0	14	3.32543	
23745.7	3064	0	0	14	3.32532	
23786.6	3067	0	0	14	3.3196	
23823.1	3071	0	0	14	3.31451	
23837.9	3074	0	0	15	3.31246	
23934.8	3082	0	0	14	3.30371	
23935.7	3082	0	0	14	3.30358	
23946	3086	0	0	15	3.30243	
24017.2	3092	0	0	16	3.29264	
24020.3	3092	0	0	15	3.29525	
24061.7	3098	0	0	15	3.29113	
24106.4	3101	0	0	15	3.28503	
24162.9	3108	0	0	15	3.27735	
24207	3110	0	0	15	3.27138	
24219.3	3111	0	0	15	3.26971	
24228.4	3113	0	0	15	3.26849	
24247.5	3113	0	0	15	3.26591	
24378.2	3127	0	0	15	3.2484	
24420	3136	0	0	16	3.24284	
24438.8	3139	0	0	16	3.24034	
24478	3145	0	0	16	3.23673	
24528.3	3153	0	0	17	3.23009	
24528.5	3153	0	0	16	3.2359	
24534.3	3153	0	0	16	3.23514	
24554.7	3156	0	0	16	3.23245	
24577.8	3157	0	0	16	3.22941	
24584.2	3158	0	0	16	3.22857	
24586.9	3158	0	0	16	3.22821	
24597.6	3162	0	0	16	3.23151	
24622.7	3163	0	0	16	3.22958	
24635.6	3164	0	0	16	3.25627	
24646.6	3164	0	0	16	3.25482	
24678.6	3168	0	0	16	3.2506	
24685.2	3168	0	0	16	3.24973	
24709.8	3173	0	0	16	3.2465	
24739.2	3177	0	0	15	3.24799	
24772.9	3182	0	0	15	3.24357	
24857.1	3187	0	0	15	3.23259	
24876.5	3191	0	0	15	3.23006	
24918.7	3199	0	0	15	3.2246	
24966.1	3202	0	0	15	3.21847	
24994.7	3205	0	0	15	3.21479	
24997.4	3207	0	0	15	3.21445	
25001	3208	0	0	15	3.21411	
25006.5	3208	0	0	15	3.2134	
25011.9	3209	0	0	16	3.21271	
25118.6	3219	0	0	16	3.20316	
25154.6	3222	0	0	16	3.19857	
25193.2	3223	0	0	16	3.19367	
25236.6	3227	0	0	16	3.19717	
25261.5	3230	0	0	17	3.19402	
25286.4	3230	0	0	16	3.21707	
25303.1	3231	0	0	16	3.21494	
25318.8	3231	0	0	16	3.21295	
25429.2	3243	0	0	16	3.19899	
25573.3	3260	0	0	15	3.19569	
25624.3	3268	0	0	14	3.20433	
25663	3272	0	0	14	3.1995	
25668.2	3273	0	0	14	3.19885	
25680.3	3275	0	0	15	3.19734	
25752.4	3280	0	0	15	3.18838	
25783	3283	0	0	15	3.18867	
25816.3	3288	0	0	15	3.18456	
25841	3288	0	0	15	3.18152	
25855.7	3290	0	0	14	3.18364	
25875.9	3293	0	0	15	3.18115	
25992.8	3311	0	0	14	3.17189	
26039.6	3322	0	0	14	3.16796	
26063.2	3325	0	0	15	3.1651	
26143.3	3340	0	0	15	3.1554	
26153.2	3346	0	0	15	3.15458	
26171.2	3352	0	0	16	3.15241	
26184.8	3356	0	0	16	3.1519	
26277	3369	0	0	15	3.14485	
26281.3	3369	0	0	15	3.14433	
26448.1	3387	0	0	16	3.13969	
26472.3	3391	0	0	15	3.14392	
26518.3	3396	0	0	14	3.14734	
26522.9	3397	0	0	14	3.1468	
26567.5	3404	0	0	14	3.14312	
26602.6	3407	0	0	15	3.13897	
26602.9	3407	0	0	14	3.13997	
26653.8	3411	0	0	14	3.13398	
26681.9	3413	0	0	15	3.13068	
26695.3	3413	0	0	15	3.12911	
26696.8	3413	0	0	14	3.1305	
26716.8	3415	0	0	14	3.12816	
26731.8	3418	0	0	15	3.1264	
26774	3425	0	0	16	3.12148	
26795.5	3425	0	0	16	3.11897	
26844	3429	0	0	16	3.11514	
26851.9	3430	0	0	16	3.11423	
26878.8	3437	0	0	16	3.11111	
26912.5	3437	0	0	15	3.11434	
26934	3440	0	0	15	3.11185	
26949.4	3443	0	0	15	3.11805	
27000.4	3446	0	0	15	3.11217	
27017	3447	0	0	15	3.11332	
27045.7	3451	0	0	15	3.11002	
27067.4	3453	0	0	16	3.10752	
27088.9	3453	0	0	15	3.10665	
27094.2	3454	0	0	15	3.10604	
27129.2	3457	0	0	15	3.10203	
27186.6	3459	0	0	14	3.10232	
27218.8	3460	0	0	14	3.09865	
27284.4	3473	0	0	14	3.0912	
27348.3	3486	0	0	14	3.08398	
27354.2	3486	0	0	14	3.08332	
27392.3	3493	0	0	14	3.07903	
27425.6	3494	0	0	14	3.07529	
27448.4	3497	0	0	15	3.07272	
27454.8	3498	0	0	15	3.07201	
27475.5	3504	0	0	15	3.0697	
27479.6	3504	0	0	15	3.06924	
27494.8	3506	0	0	15	3.07	
27594.7	3525	0	0	16	3.05888	
27725.5	3544	0	0	15	3.05303	
27769.7	3552	0	0	14	3.05796	
27811.4	3561	0	0	15	3.05338	
27830.4	3563	0	0	15	3.0513	
27902.4	3579	0	0	15	3.04343	
27937.7	3581	0	0	15	3.03958	
28017	3592	0	0	15	3.03097	
28087.4	3599	0	0	15	3.02337	
28147.6	3608	0	0	14	3.03024	
28244.8	3619	0	0	14	3.01982	
28266.6	3622	0	0	14	3.01748	
28273.1	3624	0	0	14	3.01679	
28277	3624	0	0	14	3.01638	
28277.2	3624	0	0	14	3.01636	
28293.8	3627	0	0	15	3.01458	
28297.2	3627	0	0	15	3.01422	
28311.2	3627	0	0	15	3.01273	
28386.6	3635	0	0	15	3.00473	
28513.5	3652	0	0	15	2.99136	
28535.9	3655	0	0	16	2.98901	
28582.6	3659	0	0	16	2.98412	
28589.1	3659	0	0	16	2.98345	
28625.3	3661	0	0	16	2.97968	
28635.1	3662	0	0	16	2.97865	
28645	3663	0	0	16	2.97762	
28676.1	3666	0	0	17	2.9744	
28772.6	3675	0	0	17	2.96442	
28819.6	3681	0	0	16	2.96564	
28833.3	3681	0	0	15	2.97512	
28838.9	3682	0	0	14	2.99401	
28858.9	3683	0	0	14	2.99194	
28959.8	3687	0	0	14	2.98151	
28977.4	3693	0	0	14	2.9797	
28988.8	3695	0	0	15	2.97853	
28995.3	3698	0	0	16	2.97786	
29015.1	3700	0	0	15	2.97713	
29029.8	3701	0	0	15	2.97561	
29150.1	3721	0	0	15	2.96883	
29151.2	3721	0	0	15	2.96872	
29282.6	3740	0	0	16	2.9554	
29289.3	3740	0	0	16	2.95471	
29347.9	3747	0	0	16	2.94882	
29382	3753	0	0	16	2.9454	
29402.8	3756	0	0	16	2.95599	
29450.1	3764	0	0	15	2.95349	
29463.9	3765	0	0	15	2.95211	
29478.1	3767	0	0	16	2.95069	
29494.5	3768	0	0	16	2.94991	
29526.9	3772	0	0	16	2.94668	
29589.4	3776	0	0	15	2.95509	
29660.6	3784	0	0	15	2.948	
29669.1	3785	0	0	15	2.94716	
29796.2	3812	0	0	15	2.93459	
29808.3	3814	0	0	14	2.94425	
29814.9	3815	0	0	15	2.9436	
29822.2	3815	0	0	15	2.94287	
29833	3816	0	0	16	2.94181	
29893.1	3822	0	0	15	2.93808	
29946.1	3825	0	0	16	2.93288	
29965	3829	0	0	16	2.93339	
30057	3838	0	0	15	2.92807	
30077.9	3838	0	0	14	2.93492	
30119.5	3842	0	0	14	2.93087	
30135.1	3842	0	0	14	2.92935	
30138.6	3842	0	0	14	2.92901	
30187.4	3844	0	0	14	2.92428	
30240	3846	0	0	14	2.91919	
30298.5	3850	0	0	14	2.91355	
30421	3864	0	0	15	2.90182	
30427.1	3864	0	0	14	2.90535	
30443.3	3866	0	0	14	2.9038	
30443.6	3866	0	0	14	2.90378	
30631.7	3882	0	0	14	2.89196	
30634.4	3883	0	0	15	2.8917	
30638.6	3883	0	0	15	2.89131	
30664.5	3886	0	0	16	2.88887	
30779.2	3909	0	0	16	2.8781	
30817.6	3912	0	0	16	2.87452	
30837.1	3914	0	0	16	2.8793	
30852.9	3917	0	0	15	2.88472	
30864.5	3920	0	0	16	2.88363	
30894.7	3929	0	0	16	2.88082	
30915.1	3931	0	0	16	2.8807	
30954.5	3936	0	0	16	2.87704	
30982.8	3940	0	0	15	2.8797	
31013.9	3943	0	0	14	2.88056	
31052	3947	0	0	15	2.87702	
31094	3962	0	0	15	2.87314	
31099.5	3962	0	0	15	2.87263	
31133.6	3969	0	0	15	2.86949	
31171	3973	0	0	15	2.86722	
31179.2	3975	0	0	15	2.86646	
31231.4	3979	0	0	16	2.86167	
31264.2	3982	0	0	16	2.85967	
31276.9	3982	0	0	15	2.86686	
31312.3	3994	0	0	15	2.86786	
31391.9	4007	0	0	16	2.8606	
31416.9	4010	0	0	16	2.86154	
31428.4	4012	0	0	15	2.86127	
31446.4	4015	0	0	16	2.85964	
31459.4	4018	0	0	16	2.85845	
31464.3	4018	0	0	16	2.85801	
31493.1	4025	0	0	16	2.85539	
31516.8	4028	0	0	16	2.85391	
31518.4	4028	0	0	15	2.86137	
31535.7	4031	0	0	15	2.86029	
31640.2	4054	0	0	16	2.85084	
31676.1	4059	0	0	16	2.85543	
31824.8	4088	0	0	16	2.84209	
31838.3	4090	0	0	16	2.84088	
31984	4104	0	0	16	2.82794	
32011.7	4108	0	0	15	2.84017	
32019.7	4111	0	0	16	2.83946	
32088.7	4119	0	0	15	2.83572	
32109.2	4122	0	0	16	2.83391	
32170.6	4132	0	0	17	2.8285	
32208.1	4136	0	0	17	2.82521	
32225.8	4138	0	0	16	2.82782	
32305.1	4142	0	0	16	2.82088	
32305.6	4142	0	0	15	2.84138	
32351.4	4142	0	0	15	2.83736	
32351.6	4142	0	0	15	2.83734	
32364.1	4143	0	0	15	2.83625	
32417.7	4149	0	0	15	2.83156	
32451.8	4151	0	0	15	2.82858	
32456.5	4151	0	0	15	2.82818	
32492.3	4153	0	0	14	2.83676	
32510.8	4156	0	0	14	2.83515	
32535.7	4160	0	0	14	2.83298	
32566.3	4165	0	0	15	2.83032	
32567.9	4166	0	0	15	2.83115	
32639.7	4173	0	0	15	2.82695	
32709.7	4181	0	0	15	2.8209	
32766.9	4187	0	0	15	2.81598	
32773.2	4187	0	0	15	2.81544	
32811.4	4191	0	0	16	2.81216	
32834.3	4193	0	0	16	2.8102	
32846.1	4194	0	0	17	2.80919	
32918.9	4198	0	0	17	2.81366	
32984.8	4204	0	0	17	2.80996	
32995.2	4204	0	0	17	2.80908	
33028.7	4209	0	0	17	2.80623	
33079.4	4214	0	0	17	2.80193	
33092.4	4216	0	0	18	2.80083	
33112.5	4221	0	0	17	2.80936	
33113	4221	0	0	16	2.81015	
33236.6	4242	0	0	16	2.80331	
33291.5	4251	0	0	17	2.79868	
33319.1	4254	0	0	17	2.81088	
33364.6	4258	0	0	17	2.80705	
33379.8	4258	0	0	17	2.80576	
33397.6	4260	0	0	16	2.82067	
33408.3	4264	0	0	17	2.81977	
33469.8	4268	0	0	17	2.81458	
33584.3	4285	0	0	17	2.80499	
33584.4	4285	0	0	16	2.81343	
33682.3	4289	0	0	15	2.81366	
33771.3	4298	0	0	16	2.80625	
33776	4298	0	0	16	2.80586	
33787.7	4299	0	0	16	2.80489	
33832.9	4306	0	0	16	2.81855	
33859.1	4309	0	0	15	2.82154	
33859.9	4309	0	0	14	2.82354	
33971.1	4329	0	0	14	2.81748	
34043.4	4351	0	0	14	2.8115	
34192.9	4375	0	0	14	2.79921	
34212.9	4385	0	0	14	2.79813	
34226.6	4388	0	0	15	2.79701	
34229	4389	0	0	14	2.79715	
34275.3	4399	0	0	14	2.79337	
34289.7	4403	0	0	14	2.7922	
34349.4	4409	0	0	14	2.78734	
34355.1	4409	0	0	14	2.78688	
34364.3	4409	0	0	14	2.78613	
34393.8	4420	0	0	14	2.78374	
34594.8	4461	0	0	14	2.76757	
34609.3	4463	0	0	14	2.7664	
34614.1	4465	0	0	14	2.76602	
34631.7	4468	0	0	14	2.76462	
34638	4470	0	0	15	2.76412	
34701.8	4480	0	0	15	2.75903	
34775	4496	0	0	14	2.75723	
34799.8	4504	0	0	15	2.75527	
34863.2	4514	0	0	15	2.75275	
34873	4518	0	0	16	2.75197	
34898	4521	0	0	16	2.75272	
34964.6	4525	0	0	16	2.75035	
34973.9	4525	0	0	16	2.74962	
35007.3	4529	0	0	16	2.747	
35040	4535	0	0	16	2.74524	
35112.1	4541	0	0	16	2.73961	
35161.4	4549	0	0	16	2.74366	
35274	4559	0	0	15	2.74545	
35430	4577	0	0	15	2.73336	
35455.4	4578	0	0	16	2.73141	
35523.5	4582	0	0	16	2.72617	
35544.1	4582	0	0	15	2.73672	
35553.8	4583	0	0	14	2.73909	
35608.5	4589	0	0	14	2.73489	
35679.2	4597	0	0	14	2.72947	
35683.1	4598	0	0	14	2.72917	
35697.9	4601	0	0	14	2.72804	
35714.7	4604	0	0	14	2.72675	
35731.6	4606	0	0	15	2.72547	
35819.3	4610	0	0	14	2.72169	
35855.7	4614	0	0	14	2.71893	
35923.7	4626	0	0	14	2.71378	
35979.4	4649	0	0	14	2.70958	
35990.7	4650	0	0	14	2.70873	
36027.6	4652	0	0	15	2.70596	
36046.8	4654	0	0	15	2.70452	
36317	4701	0	0	15	2.68439	
36347.6	4706	0	0	15	2.68213	
36405.7	4716	0	0	15	2.67786	
36692.7	4749	0	0	15	2.65691	
36717	4751	0	0	14	2.67487	
36838.1	4770	0	0	14	2.66607	
36843.1	4770	0	0	14	2.66571	
36864	4775	0	0	14	2.6642	
36886.7	4778	0	0	15	2.66256	
36929.6	4780	0	0	15	2.65947	
36955.1	4786	0	0	15	2.65763	
36970.2	4790	0	0	15	2.65654	
36974.3	4791	0	0	15	2.65919	
37024.7	4802	0	0	15	2.65556	
37041.3	4804	0	0	15	2.65438	
37047.7	4804	0	0	15	2.65392	
37092.2	4811	0	0	15	2.65073	
37112.9	4814	0	0	16	2.64926	
37119.1	4815	0	0	16	2.64893	
37137.2	4815	0	0	16	2.64764	
37219.6	4823	0	0	16	2.64178	
37248.5	4825	0	0	16	2.64045	
37253.6	4825	0	0	16	2.64009	
37336.3	4834	0	0	15	2.64075	
37398.9	4848	0	0	15	2.63633	
37411.6	4853	0	0	15	2.64714	
37438.7	4859	0	0	15	2.64523	
37452.7	4860	0	0	15	2.64424	
37462	4861	0	0	15	2.64358	
37467.9	4861	0	0	15	2.64317	
37586.6	4893	0	0	15	2.63482	
37597.7	4895	0	0	14	2.63928	
37656.9	4912	0	0	14	2.63513	
37693.4	4918	0	0	14	2.63258	
37706.9	4922	0	0	15	2.63164	
37865.1	4955	0	0	14	2.62509	
37873	4956	0	0	14	2.62472	
37888	4958	0	0	14	2.62368	
37923.6	4962	0	0	14	2.62122	
37950.5	4962	0	0	14	2.61936	
38024.3	4968	0	0	14	2.6162	
38097.5	4971	0	0	14	2.61118	
38117	4972	0	0	14	2.60984	
38128.1	4974	0	0	14	2.60908	
38168	4980	0	0	14	2.60635	
38221.7	4984	0	0	14	2.60269	
38270.3	4989	0	0	14	2.59938	
38301.4	4995	0	0	14	2.59728	
38367.7	5003	0	0	14	2.59279	
38371.1	5004	0	0	15	2.59256	
38418.3	5007	0	0	16	2.58937	
38446.1	5015	0	0	15	2.58948	
38462.9	5017	0	0	16	2.58835	
38477.6	5018	0	0	16	2.58736	
38518.2	5019	0	0	15	2.58645	
38519.6	5019	0	0	15	2.58636	
38647.9	5029	0	0	14	2.58468	
38711.8	5040	0	0	15	2.58041	
38735.4	5040	0	0	15	2.57884	
38744.4	5040	0	0	15	2.57824	
38783.2	5048	0	0	15	2.57566	
38818	5050	0	0	15	2.57335	
38838.2	5051	0	0	15	2.57675	
38877.6	5059	0	0	15	2.57413	
38941.9	5063	0	0	15	2.56988	
38967.8	5065	0	0	14	2.57199	
38972.3	5065	0	0	14	2.57169	
39009.2	5069	0	0	14	2.56926	
39163.7	5079	0	0	15	2.55913	
39180.8	5080	0	0	16	2.55801	
39184.1	5080	0	0	15	2.55822	
39210.4	5085	0	0	15	2.55651	
39248	5091	0	0	14	2.56001	
39273.3	5096	0	0	14	2.55836	
39285.6	5099	0	0	14	2.55756	
39303.7	5100	0	0	14	2.55683	
39347.6	5104	0	0	14	2.55397	
39355.5	5104	0	0	14	2.55346	
39463.9	5116	0	0	15	2.54645	
39493.5	5118	0	0	15	2.54454	
39511.8	5118	0	0	15	2.54337	
39527.4	5120	0	0	15	2.54259	
39528.6	5120	0	0	14	2.54689	
39531.8	5120	0	0	14	2.54668	
39544.1	5120	0	0	14	2.54589	
39640.9	5152	0	0	15	2.53967	
39646.6	5156	0	0	16	2.53931	
39679.3	5157	0	0	17	2.53721	
39737.4	5166	0	0	16	2.53593	
39744.1	5167	0	0	16	2.53785	
39768.1	5173	0	0	17	2.53632	
39782.6	5173	0	0	17	2.53539	
39883.9	5180	0	0	18	2.52895	
39893.9	5183	0	0	17	2.53206	
40008.6	5191	0	0	16	2.53032	
40220.3	5214	0	0	16	2.517	
40231.4	5216	0	0	15	2.53338	
40255.3	5219	0	0	15	2.5447	
40286.6	5222	0	0	15	2.54272	
40299.5	5223	0	0	16	2.54192	
40371.9	5237	0	0	15	2.54076	
40383.9	5239	0	0	16	2.54	
40475.3	5257	0	0	15	2.53885	
40484.3	5260	0	0	16	2.53828	
40511.6	5266	0	0	15	2.54	
40598	5272	0	0	16	2.53459	
40616.4	5276	0	0	17	2.53344	
40621.6	5276	0	0	16	2.53365	
40689.8	5283	0	0	16	2.5294	
40710.1	5285	0	0	15	2.5338	
40749.4	5288	0	0	14	2.53697	
40804.1	5298	0	0	14	2.53357	
40859.9	5308	0	0	14	2.53011	
40879.3	5313	0	0	14	2.52891	
40957.5	5321	0	0	14	2.52408	
40975.5	5323	0	0	14	2.52297	
40999.9	5327	0	0	15	2.52147	
41001.4	5327	0	0	14	2.52199	
41015.6	5328	0	0	14	2.52111	
41052.9	5334	0	0	15	2.51882	
41086.1	5337	0	0	15	2.51679	
41127.7	5342	0	0	15	2.5152	
41128.9	5342	0	0	15	2.51513	
41153.6	5347	0	0	14	2.51694	
41190.3	5355	0	0	14	2.51469	
41208.4	5357	0	0	14	2.51359	
41213.4	5361	0	0	14	2.51328	
41349.7	5396	0	0	14	2.505	
41363.2	5399	0	0	14	2.5045	
41370.3	5401	0	0	15	2.50407	
41397.2	5403	0	0	15	2.50244	
41403.4	5403	0	0	15	2.50206	
41432.3	5405	0	0	14	2.50192	
41597	5415	0	0	14	2.49201	
41726.2	5426	0	0	14	2.4843	
41741.9	5428	0	0	14	2.48336	
41745.7	5431	0	0	14	2.48316	
41746.2	5431	0	0	14	2.48313	
41823.8	5448	0	0	14	2.48017	
41831.7	5451	0	0	15	2.4797	
42004.7	5490	0	0	14	2.47378	
42039.9	5500	0	0	15	2.4717	
42056.3	5502	0	0	15	2.47074	
42064.7	5504	0	0	14	2.47159	
42077.6	5506	0	0	14	2.47083	
42169.2	5519	0	0	14	2.46547	
42226	5527	0	0	14	2.46215	
42237.4	5527	0	0	14	2.46148	
42304.5	5532	0	0	15	2.45758	
42389.1	5537	0	0	14	2.45614	
42416.4	5541	0	0	14	2.45456	
42437	5545	0	0	15	2.45337	
42450.6	5547	0	0	16	2.45258	
42459.8	5550	0	0	16	2.45205	
42507.1	5558	0	0	16	2.45143	
42521.6	5561	0	0	16	2.45059	
42618.1	5572	0	0	17	2.44504	
42704.7	5582	0	0	17	2.4419	
42741.5	5583	0	0	16	2.44687	
42744.1	5583	0	0	15	2.45331	
42814.1	5603	0	0	15	2.45613	
42826.2	5606	0	0	16	2.45544	
42827.5	5606	0	0	15	2.45568	
42851	5611	0	0	16	2.45433	
42859.7	5612	0	0	16	2.45383	
42878.1	5613	0	0	16	2.45278	
42880.6	5613	0	0	15	2.45574	
42936.6	5618	0	0	15	2.45254	
42966.1	5619	0	0	15	2.45085	
42984.1	5621	0	0	15	2.44982	
43022.7	5626	0	0	14	2.45205	
43066.7	5638	0	0	14	2.44955	
43123.7	5654	0	0	15	2.44631	
43192.7	5673	0	0	15	2.4424	
43227.3	5678	0	0	14	2.44411	
43287.1	5691	0	0	14	2.44074	
43407.3	5703	0	0	15	2.43398	
43424.8	5704	0	0	15	2.433	
43456.7	5706	0	0	15	2.43121	
43507	5710	0	0	16	2.4284	
43538.1	5713	0	0	15	2.42852	
43554.6	5713	0	0	15	2.4276	
43584.6	5716	0	0	15	2.42593	
43616.4	5719	0	0	15	2.42416	
43620.8	5719	0	0	15	2.42392	
43676.8	5725	0	0	15	2.4208	
43731.5	5731	0	0	16	2.41778	
43732.4	5731	0	0	16	2.41773	
43804.5	5736	0	0	15	2.4166	
43870.7	5742	0	0	15	2.4262	
43881.9	5746	0	0	15	2.42729	
43887.3	5746	0	0	14	2.42735	
43926	5754	0	0	14	2.4252	
43948.7	5757	0	0	14	2.42396	
43982	5763	0	0	14	2.42212	
44024.9	5763	0	0	14	2.41976	
44061.8	5765	0	0	14	2.41773	
44065.5	5765	0	0	14	2.41753	
44167.8	5790	0	0	14	2.41193	
44211.6	5802	0	0	14	2.40954	
44221.2	5803	0	0	14	2.40902	
44252.1	5807	0	0	14	2.40733	
44282.8	5810	0	0	15	2.40566	
44296.7	5813	0	0	15	2.40491	
44348.4	5821	0	0	16	2.40211	
44366.9	5823	0	0	15	2.40261	
44413.1	5830	0	0	16	2.40011	
44638.2	5853	0	0	16	2.38801	
44649.5	5853	0	0	16	2.3874	
44650.8	5853	0	0	16	2.38733	
44691.4	5858	0	0	18	2.38517	
44758.7	5868	0	0	17	2.39029	
44768.3	5868	0	0	17	2.38978	
44880.9	5875	0	0	17	2.38378	
44885.1	5876	0	0	16	2.38869	
44906.1	5878	0	0	16	2.38792	
44914.2	5878	0	0	15	2.39332	
44949.8	5886	0	0	15	2.39142	
45035.1	5896	0	0	15	2.38689	
45052.1	5901	0	0	15	2.386	
45070.8	5908	0	0	15	2.385	
45090.9	5913	0	0	15	2.38438	
45098	5913	0	0	15	2.38401	
45147.2	5927	0	0	16	2.38141	
45267.4	5953	0	0	16	2.37509	
45288.9	5957	0	0	15	2.39682	
45314.4	5959	0	0	16	2.39547	
45318.2	5959	0	0	15	2.40011	
45439.1	5989	0	0	16	2.39372	
45443	5990	0	0	16	2.39616	
45466.6	5995	0	0	16	2.3987	
45482.3	5995	0	0	16	2.39787	
45557.3	6012	0	0	16	2.39393	
45570.3	6014	0	0	16	2.39324	
45627.5	6026	0	0	15	2.39435	
45666.8	6031	0	0	16	2.39229	
45680.4	6034	0	0	15	2.39676	
45688.4	6037	0	0	16	2.39634	
45704.5	6039	0	0	16	2.39718	
45855.9	6068	0	0	16	2.38927	
45863	6070	0	0	16	2.3889	
45903.4	6077	0	0	15	2.39141	
45904.5	6077	0	0	15	2.39135	
45906.9	6077	0	0	14	2.39614	
46031.4	6109	0	0	16	2.38966	
46031.5	6109	0	0	15	2.39224	
46101.4	6113	0	0	16	2.39007	
46226	6136	0	0	16	2.38632	
46308.2	6143	0	0	16	2.38209	
46349.2	6147	0	0	16	2.37998	
46377.1	6152	0	0	15	2.38586	
46414.4	6157	0	0	15	2.38394	
46428.8	6157	0	0	15	2.38321	
46447.2	6158	0	0	15	2.38226	
46502.2	6165	0	0	15	2.39218	
46539.5	6167	0	0	14	2.39219	
46578.1	6169	0	0	14	2.39021	
46590.9	6170	0	0	14	2.38955	
46593.9	6170	0	0	14	2.38939	
46631.8	6181	0	0	15	2.38745	
46823.4	6212	0	0	15	2.37768	
46899.4	6224	0	0	15	2.37383	
46905.7	6226	0	0	15	2.37351	
47033.3	6256	0	0	16	2.36707	
47057.1	6258	0	0	17	2.36587	
47072.1	6259	0	0	17	2.36512	
47133.2	6269	0	0	17	2.36205	
47279.2	6283	0	0	17	2.36255	
47285.2	6283	0	0	16	2.36544	
47479.4	6304	0	0	15	2.37428	
47490.4	6305	0	0	16	2.37373	
47490.5	6305	0	0	16	2.37372	
47512.4	6307	0	0	16	2.37285	
47592.9	6312	0	0	16	2.36884	
47696	6338	0	0	15	2.37758	
47739.8	6349	0	0	16	2.3754	
47821.9	6374	0	0	15	2.37395	
47838.9	6375	0	0	16	2.37311	
47858.2	6375	0	0	15	2.37278	
47923.6	6383	0	0	15	2.36955	
47928.5	6383	0	0	14	2.37854	
48024.2	6411	0	0	14	2.37379	
48042.3	6415	0	0	14	2.37327	
48086.8	6426	0	0	15	2.37108	
48088.1	6427	0	0	14	2.37193	
48120.6	6438	0	0	14	2.37099	
48162	6452	0	0	14	2.3698	
48263.3	6465	0	0	14	2.36483	
48318.8	6474	0	0	14	2.36211	
48395.8	6478	0	0	14	2.35835	
48459.7	6485	0	0	14	2.35524	
48485.6	6490	0	0	14	2.35398	
48603.7	6499	0	0	14	2.34827	
48696.2	6506	0	0	14	2.34381	
48699.6	6506	0	0	14	2.34364	
48717.9	6508	0	0	14	2.34276	
48751	6513	0	0	14	2.34117	
48774.5	6519	0	0	15	2.34004	
48858.8	6525	0	0	15	2.336	
48868.1	6526	0	0	16	2.33556	
48895.8	6528	0	0	16	2.33424	
48949.8	6532	0	0	15	2.33335	
48951.1	6532	0	0	15	2.33329	
48988.8	6535	0	0	15	2.33149	
49034	6538	0	0	15	2.32934	
49074.6	6539	0	0	16	2.32741	
49083.9	6540	0	0	15	2.32777	
49094.7	6541	0	0	15	2.32726	
49183.5	6553	0	0	14	2.33184	
49185.1	6553	0	0	14	2.33176	
49189.7	6553	0	0	14	2.33155	
49228	6556	0	0	15	2.32973	
49256.4	6560	0	0	15	2.32839	
49285.4	6563	0	0	15	2.32702	
49301.6	6563	0	0	15	2.32626	
49338.5	6573	0	0	15	2.32452	
49357.1	6579	0	0	15	2.32364	
49358.9	6579	0	0	15	2.32355	
49432.8	6588	0	0	15	2.32008	
49436.1	6588	0	0	14	2.32464	
49492.8	6588	0	0	14	2.32198	
49530.2	6596	0	0	14	2.32022	
49553.7	6601	0	0	14	2.31913	
49555.7	6602	0	0	15	2.31903	
49559.4	6602	0	0	14	2.31894	
49579.2	6607	0	0	15	2.31801	
49727	6647	0	0	16	2.31112	
49733.2	6647	0	0	16	2.31083	
49792.1	6654	0	0	16	2.3081	
49819.1	6655	0	0	16	2.30685	
49820.3	6655	0	0	15	2.31196	
49836.5	6657	0	0	14	2.3163	
49997.9	6674	0	0	14	2.30882	
50053.4	6681	0	0	14	2.30737	
50079.3	6684	0	0	15	2.30617	
50112.9	6689	0	0	15	2.30463	
50123.7	6689	0	0	15	2.30413	
50164	6693	0	0	15	2.30228	
50206	6695	0	0	15	2.30035	
50241.1	6698	0	0	15	2.29874	
50341.4	6708	0	0	15	2.29416	
50341.7	6708	0	0	14	2.29982	
50355.8	6712	0	0	15	2.29917	
50396.1	6717	0	0	15	2.29811	
50412.4	6717	0	0	15	2.29737	
50416.8	6719	0	0	15	2.29717	
50456.5	6724	0	0	15	2.29602	
50588.7	6742	0	0	15	2.29002	
50623.6	6748	0	0	15	2.28845	
50624.2	6748	0	0	14	2.29399	
50638.2	6749	0	0	14	2.29344	
50652.3	6751	0	0	15	2.2928	
50689.6	6756	0	0	15	2.29111	
50729.3	6759	0	0	16	2.28932	
50758.5	6764	0	0	16	2.288	
50791	6767	0	0	16	2.28654	
50863.9	6771	0	0	15	2.28656	
51074.9	6806	0	0	16	2.27712	
51083.7	6807	0	0	15	2.28543	
51099.2	6808	0	0	15	2.28474	
51151.4	6817	0	0	15	2.28241	
51153.3	6817	0	0	15	2.28233	
51303.1	6840	0	0	16	2.27566	
51407.4	6847	0	0	15	2.27587	
51431	6850	0	0	14	2.28585	
51469.4	6853	0	0	15	2.28414	
51521.9	6861	0	0	15	2.28182	
51580.2	6867	0	0	15	2.27923	
51622.1	6872	0	0	15	2.27739	
51736.5	6882	0	0	15	2.27235	
51790.4	6889	0	0	16	2.26999	
51805	6891	0	0	16	2.26962	
51867.9	6899	0	0	16	2.26687	
51891.4	6903	0	0	16	2.26584	
51951.3	6907	0	0	16	2.26323	
51958.8	6907	0	0	15	2.27302	
51961.6	6907	0	0	15	2.2729	
52041.9	6919	0	0	15	2.2694	
52061	6920	0	0	15	2.26856	
52065	6921	0	0	15	2.26839	
52112.4	6927	0	0	15	2.26633	
52181.3	6945	0	0	14	2.27181	
52235	6959	0	0	15	2.26948	
52267.2	6960	0	0	15	2.26808	
52283.3	6963	0	0	14	2.26919	
52336.6	6978	0	0	14	2.26772	
52344.5	6979	0	0	15	2.26737	
52391.3	6990	0	0	15	2.26535	
52428.3	6997	0	0	15	2.26375	
52443.9	7001	0	0	15	2.26308	
52477.4	7006	0	0	15	2.26163	
52501.5	7007	0	0	14	2.26368	
52529.8	7013	0	0	14	2.26247	
52566.5	7017	0	0	14	2.26088	
52649.3	7025	0	0	14	2.25866	
52652.9	7026	0	0	15	2.25851	
52673	7026	0	0	15	2.25764	
52685	7028	0	0	15	2.25713	
52693.9	7030	0	0	16	2.25675	
52721.7	7032	0	0	17	2.25556	
52796.3	7041	0	0	17	2.25237	
52802.5	7041	0	0	17	2.2521	
52842	7048	0	0	17	2.25104	
52851.4	7050	0	0	16	2.25444	
52920.4	7054	0	0	16	2.2515	
52930.5	7057	0	0	15	2.25545	
52956.6	7060	0	0	16	2.25434	
52980.9	7063	0	0	16	2.25359	
52992.8	7063	0	0	15	2.25423	
53066.3	7071	0	0	16	2.25111	
53091.7	7073	0	0	16	2.25003	
53152.7	7079	0	0	15	2.25041	
53173.2	7081	0	0	15	2.25868	
53189.5	7082	0	0	16	2.25799	
53214.4	7084	0	0	16	2.25694	
53293.9	7092	0	0	17	2.25357	
53308.4	7092	0	0	16	2.25539	
53353.1	7101	0	0	15	2.25606	
53381.7	7107	0	0	15	2.25539	
53384.4	7108	0	0	16	2.25527	
53407.9	7111	0	0	16	2.25428	
53433.1	7117	0	0	16	2.25322	
53449.7	7120	0	0	15	2.25377	
53530.2	7131	0	0	16	2.25038	
53542.7	7132	0	0	16	2.24985	
53544.5	7132	0	0	15	2.25706	
53586.2	7138	0	0	14	2.25776	
53602.5	7141	0	0	14	2.25737	
53634.6	7146	0	0	15	2.25602	
53653.7	7149	0	0	16	2.25522	
53747	7171	0	0	16	2.25131	
53779.7	7171	0	0	16	2.24993	
53781.3	7171	0	0	16	2.24987	
53811.7	7176	0	0	16	2.24915	
53856.6	7182	0	0	15	2.25133	
53871.4	7184	0	0	14	2.2556	
53973.6	7192	0	0	14	2.25318	
54012.8	7196	0	0	14	2.25224	
54016.3	7197	0	0	14	2.25212	
54045.2	7199	0	0	14	2.25145	
54136.9	7209	0	0	14	2.24763	
54202.7	7214	0	0	15	2.24491	
54288.4	7231	0	0	15	2.24136	
54309.9	7235	0	0	15	2.24048	
54316.2	7235	0	0	15	2.24021	
54323.6	7236	0	0	14	2.24316	
54330.5	7236	0	0	14	2.24287	
54391.1	7251	0	0	14	2.24037	
54543.3	7285	0	0	15	2.23412	
54562.9	7285	0	0	15	2.23332	
54568	7287	0	0	16	2.23315	
54568.9	7287	0	0	16	2.23311	
54586.2	7292	0	0	17	2.23268	
54615.4	7296	0	0	17	2.23149	
54638.4	7297	0	0	16	2.23166	
54671.1	7300	0	0	16	2.23033	
54693	7303	0	0	15	2.23494	
54697.5	7304	0	0	15	2.23483	
54783.6	7314	0	0	16	2.23132	
54799.5	7315	0	0	15	2.23249	
54829.9	7321	0	0	15	2.23125	
54836.7	7322	0	0	14	2.23594	
54872.7	7326	0	0	15	2.23448	
54875.3	7326	0	0	15	2.23437	
54879.3	7326	0	0	14	2.23496	
54925.6	7335	0	0	15	2.23307	
54939.1	7336	0	0	16	2.23253	
54951.3	7338	0	0	15	2.23242	
54960.6	7339	0	0	15	2.23204	
54973.6	7342	0	0	15	2.23297	
54980.7	7342	0	0	15	2.23268	
55037	7350	0	0	15	2.2304	
55054.4	7351	0	0	16	2.2297	
55104.4	7360	0	0	16	2.22767	
55198.5	7367	0	0	16	2.22545	
55212.8	7367	0	0	15	2.22939	
55229.9	7368	0	0	16	2.2287	
55305	7382	0	0	16	2.22702	
55417.1	7394	0	0	16	2.22251	
55428.2	7395	0	0	15	2.22898	
55448.3	7398	0	0	15	2.22817	
55529.3	7403	0	0	16	2.22492	
55610.6	7421	0	0	16	2.22312	
55630.7	7422	0	0	15	2.22558	
55660.6	7424	0	0	15	2.22438	
55666.9	7425	0	0	16	2.22413	
55685.4	7426	0	0	15	2.22383	
55696	7426	0	0	14	2.23199	
55737.7	7429	0	0	14	2.23032	
55799.5	7439	0	0	15	2.22785	
55817.1	7439	0	0	15	2.22715	
55843	7440	0	0	15	2.22611	
55897.7	7450	0	0	15	2.22393	
55962.1	7460	0	0	15	2.22137	
56011.4	7477	0	0	15	2.21942	
56022.4	7479	0	0	15	2.22398	
56052.2	7487	0	0	14	2.2235	
56068.2	7491	0	0	15	2.22287	
56083	7492	0	0	16	2.22228	
56156.7	7496	0	0	15	2.22081	
56171.9	7496	0	0	15	2.22021	
56249.8	7507	0	0	15	2.21713	
56270.4	7510	0	0	15	2.21632	
56278	7511	0	0	14	2.21995	
56408.3	7525	0	0	14	2.21482	
56437.5	7533	0	0	14	2.21368	
56485.1	7538	0	0	15	2.21181	
56570.4	7551	0	0	14	2.21082	
56575	7551	0	0	14	2.21064	
56583.8	7554	0	0	14	2.2103	
56672.7	7565	0	0	14	2.20683	
56681.6	7565	0	0	14	2.20648	
56696.4	7569	0	0	14	2.20591	
56701.2	7569	0	0	14	2.20572	
56708.5	7570	0	0	15	2.20544	
56733.9	7571	0	0	15	2.20445	
56828	7585	0	0	15	2.2008	
56845.7	7587	0	0	15	2.20012	
56877.2	7591	0	0	15	2.1989	
56996.1	7607	0	0	15	2.19431	
57001	7607	0	0	14	2.19936	
57038	7607	0	0	14	2.19794	
57039.8	7607	0	0	14	2.19787	
57118.6	7621	0	0	15	2.19483	
57166.4	7627	0	0	15	2.193	
57226.2	7630	0	0	15	2.19071	
57327.3	7641	0	0	16	2.18684	
57371.8	7647	0	0	16	2.18584	
57442.9	7653	0	0	16	2.18313	
57526.2	7671	0	0	16	2.18138	
57539.3	7673	0	0	16	2.18089	
57551.9	7673	0	0	16	2.18041	
57584.7	7677	0	0	15	2.18844	
57616.5	7681	0	0	15	2.18778	
57779.4	7701	0	0	15	2.18161	
57789.9	7703	0	0	15	2.18122	
57794.7	7703	0	0	15	2.18104	
57841.6	7705	0	0	15	2.17927	
57846.4	7706	0	0	15	2.18977	
57913.7	7712	0	0	15	2.18723	
58008.1	7726	0	0	16	2.18367	
58042.5	7728	0	0	15	2.18576	
58045	7728	0	0	15	2.18566	
58113.2	7739	0	0	15	2.1831	
58124.7	7740	0	0	14	2.18627	
58141.3	7745	0	0	14	2.18565	
58212.7	7757	0	0	15	2.18297	
58223.9	7757	0	0	15	2.18255	
58258.6	7760	0	0	16	2.18125	
58285.5	7764	0	0	16	2.18024	
58298.4	7766	0	0	16	2.17976	
58363.6	7770	0	0	15	2.17961	
58368	7771	0	0	16	2.17945	
58384.8	7772	0	0	16	2.17882	
58405	7773	0	0	15	2.18251	
58419.3	7773	0	0	15	2.18198	
58422.8	7774	0	0	16	2.18184	
58541.1	7780	0	0	15	2.18042	
58612.4	7783	0	0	15	2.17777	
58613.4	7783	0	0	15	2.17773	
58629.1	7789	0	0	15	2.1807	
58660.7	7794	0	0	15	2.17952	
58762.9	7820	0	0	16	2.17573	
58771.5	7822	0	0	16	2.17541	
58854	7827	0	0	16	2.17638	
58908.5	7834	0	0	16	2.17437	
58913	7836	0	0	15	2.17659	
58938.6	7840	0	0	15	2.18034	
58996.7	7851	0	0	15	2.1782	
59138.4	7882	0	0	15	2.17531	
59229.3	7908	0	0	15	2.17728	
59235.4	7908	0	0	15	2.17705	
59285.1	7921	0	0	14	2.17768	
59296.8	7925	0	0	15	2.17725	
59300.4	7925	0	0	15	2.17712	
59315.3	7926	0	0	15	2.1767	
59341	7933	0	0	16	2.17575	
59357.3	7936	0	0	16	2.17515	
59364.4	7936	0	0	16	2.17489	
59378.7	7936	0	0	15	2.17592	
59391.1	7937	0	0	16	2.17547	
59620.1	7960	0	0	16	2.17218	
59699.2	7964	0	0	16	2.17435	
59730.2	7971	0	0	15	2.17504	
59752.2	7973	0	0	16	2.17424	
59769.1	7979	0	0	16	2.17362	
59845.2	7985	0	0	16	2.17086	
59889	7990	0	0	16	2.16927	
59935	7996	0	0	16	2.16761	
59936.7	7997	0	0	17	2.16754	
59987.2	8005	0	0	16	2.16657	
59994.1	8006	0	0	16	2.16632	
60069	8014	0	0	15	2.16909	
60102.4	8021	0	0	15	2.17991	
60211.8	8050	0	0	15	2.17594	
60223.3	8052	0	0	15	2.17553	
60235.9	8054	0	0	16	2.17507	
60262.9	8058	0	0	15	2.1773	
60308.7	8069	0	0	14	2.17702	
60315.5	8069	0	0	14	2.17677	
60337.3	8073	0	0	15	2.17598	
60368.3	8075	0	0	15	2.17528	
60433.4	8087	0	0	15	2.17294	
60478.1	8093	0	0	15	2.17401	
60493.1	8093	0	0	15	2.17347	
60505.9	8094	0	0	15	2.17301	
60514	8097	0	0	15	2.17374	
60529.1	8098	0	0	15	2.17319	
60596.1	8108	0	0	15	2.17079	
60608	8109	0	0	15	2.17037	
60712.8	8126	0	0	15	2.16662	
60872	8138	0	0	15	2.16095	
60893.8	8138	0	0	15	2.16018	
60964.5	8144	0	0	14	2.16518	
60970.4	8145	0	0	15	2.16498	
61003.7	8150	0	0	15	2.16379	
61005.4	8150	0	0	14	2.16436	
61039.6	8157	0	0	14	2.16315	
61043.1	8157	0	0	14	2.16302	
61085.2	8164	0	0	14	2.16212	
61110.1	8169	0	0	15	2.16124	
61128.4	8175	0	0	15	2.16059	
61202.7	8184	0	0	16	2.15797	
61208.1	8185	0	0	17	2.15778	
61218.1	8187	0	0	16	2.15765	
61244.6	8191	0	0	17	2.15672	
61260.9	8193	0	0	17	2.15614	
61352.1	8197	0	0	16	2.15508	
61361.7	8197	0	0	15	2.15922	
61395.5	8208	0	0	15	2.15803	
61408.1	8210	0	0	16	2.15758	
61409.1	8211	0	0	17	2.15755	
61466.3	8218	0	0	18	2.15554	
61485.3	8218	0	0	17	2.1563	
61485.8	8218	0	0	16	2.162	
61509.1	8218	0	0	16	2.16117	
61528.9	8219	0	0	16	2.16048	
61541.3	8219	0	0	16	2.16005	
61582	8222	0	0	16	2.15862	
61626.8	8227	0	0	17	2.15705	
61633.3	8228	0	0	17	2.15682	
61679.8	8236	0	0	17	2.15957	
61727.5	8241	0	0	16	2.16306	
61749.8	8244	0	0	17	2.16228	
61762.1	8244	0	0	17	2.16185	
61795	8245	0	0	16	2.16411	
61831.2	8250	0	0	17	2.16284	
61836.1	8250	0	0	16	2.16325	
61872.4	8255	0	0	16	2.1642	
61940.2	8263	0	0	16	2.16183	
61971.4	8269	0	0	17	2.16074	
61973.8	8269	0	0	16	2.16117	
61979.3	8269	0	0	15	2.16653	
61987.6	8272	0	0	14	2.16865	
62106.7	8302	0	0	14	2.16639	
62135.9	8309	0	0	15	2.16537	
62167.1	8314	0	0	16	2.16428	
62178.7	8316	0	0	16	2.16388	
62217.3	8323	0	0	17	2.16254	
62292.6	8328	0	0	17	2.16241	
62337.5	8336	0	0	16	2.16453	
62357.9	8339	0	0	15	2.16657	
62403	8343	0	0	15	2.165	
62434.6	8343	0	0	15	2.16391	
62463.6	8346	0	0	14	2.16682	
62474.7	8348	0	0	14	2.16643	
62486.2	8348	0	0	14	2.16604	
62513.6	8351	0	0	15	2.16509	
62546.6	8355	0	0	15	2.16394	
62601.2	8361	0	0	15	2.16205	
62623.9	8363	0	0	15	2.16127	
62637.6	8364	0	0	15	2.1608	
62645.1	8368	0	0	15	2.16065	
62730.6	8374	0	0	15	2.15771	
62752.6	8376	0	0	14	2.16112	
62834.3	8384	0	0	15	2.15832	
62841.8	8385	0	0	15	2.15806	
62848.2	8386	0	0	15	2.15935	
62877.4	8389	0	0	15	2.15873	
62906.1	8391	0	0	15	2.15774	
62956.4	8395	0	0	15	2.15602	
62980.5	8400	0	0	15	2.15519	
63049.1	8406	0	0	15	2.15285	
63088.5	8412	0	0	15	2.1515	
63091.5	8412	0	0	15	2.1514	
63111.8	8418	0	0	16	2.15071	
63203.6	8429	0	0	17	2.14759	
63270.5	8432	0	0	17	2.14531	
63281.8	8434	0	0	17	2.14754	
63345.1	8443	0	0	16	2.14652	
63418.8	8451	0	0	16	2.14402	
63436.6	8452	0	0	16	2.14368	
63457.4	8458	0	0	16	2.14871	
63487.1	8462	0	0	15	2.14848	
63501	8464	0	0	14	2.1583	
63516.4	8466	0	0	14	2.15778	
63539.9	8467	0	0	15	2.15698	
63579.5	8472	0	0	15	2.15564	
63600.1	8473	0	0	15	2.15494	
63608.2	8478	0	0	15	2.15467	
63793.2	8506	0	0	15	2.15264	
63878.4	8514	0	0	15	2.14977	
63940.5	8518	0	0	15	2.14768	
63965.8	8527	0	0	15	2.14684	
63987.8	8528	0	0	16	2.1461	
64001.2	8530	0	0	16	2.14585	
64088.6	8536	0	0	16	2.14453	
64150.5	8545	0	0	16	2.1433	
64197.9	8549	0	0	15	2.1446	
64207.5	8552	0	0	15	2.14428	
64242.1	8560	0	0	15	2.14313	
64369	8586	0	0	15	2.1389	
64382.7	8588	0	0	15	2.13845	
64388.7	8589	0	0	15	2.13825	
64392.5	8589	0	0	15	2.13812	
64437.4	8596	0	0	15	2.13731	
64441.1	8596	0	0	15	2.13719	
64456.9	8597	0	0	16	2.13666	
64457.7	8597	0	0	16	2.13663	
64506.5	8600	0	0	16	2.14885	
64532.9	8602	0	0	16	2.14797	
64551.9	8604	0	0	17	2.14734	
64582.4	8605	0	0	17	2.14633	
64601.7	8606	0	0	17	2.14674	
64618.1	8607	0	0	16	2.14648	
64658.8	8609	0	0	16	2.14513	
64687.1	8610	0	0	17	2.1442	
64737.7	8613	0	0	16	2.14362	
64787.2	8620	0	0	15	2.14697	
64796.1	8623	0	0	16	2.14668	
64821.9	8624	0	0	16	2.14582	
64853.5	8628	0	0	16	2.14478	
64857.6	8628	0	0	16	2.14464	
64862.8	8628	0	0	16	2.14447	
64968.8	8643	0	0	16	2.14097	
65063.1	8656	0	0	16	2.13787	
65133.7	8667	0	0	16	2.14608	
65138.6	8667	0	0	16	2.14592	
65161.4	8671	0	0	16	2.14517	
65177.1	8672	0	0	17	2.14465	
65185	8672	0	0	16	2.14609	
65260.3	8676	0	0	15	2.15085	
65320	8683	0	0	15	2.14888	
65347.1	8685	0	0	15	2.14799	
65415.1	8692	0	0	16	2.14576	
65424.4	8692	0	0	15	2.14936	
65440.8	8693	0	0	15	2.14882	
65457.5	8698	0	0	16	2.14828	
65457.6	8698	0	0	15	2.14851	
65481.5	8699	0	0	14	2.14972	
65553.5	8705	0	0	14	2.14736	
65559.3	8706	0	0	14	2.14717	
65590.2	8708	0	0	14	2.14615	
65753.6	8722	0	0	14	2.14082	
65806	8730	0	0	14	2.13912	
65807.8	8730	0	0	14	2.13906	
65839.5	8736	0	0	16	2.13803	
65866.3	8739	0	0	16	2.13716	
65905.8	8742	0	0	16	2.1373	
65950.5	8747	0	0	17	2.13585	
65984	8752	0	0	17	2.13652	
65990.6	8752	0	0	16	2.13689	
66010.3	8754	0	0	16	2.13625	
66013.5	8754	0	0	15	2.13914	
66041.2	8758	0	0	14	2.14026	
66105	8771	0	0	14	2.13819	
66111.4	8772	0	0	15	2.13799	
66149.8	8775	0	0	14	2.13733	
66167.6	8778	0	0	15	2.13676	
66209.1	8782	0	0	14	2.13629	
66254.5	8790	0	0	14	2.13483	
66255.7	8790	0	0	14	2.13479	
66257.4	8790	0	0	14	2.13473	
66270.8	8792	0	0	15	2.13442	
66313.4	8803	0	0	15	2.13376	
66328.3	8806	0	0	16	2.13328	
66329.9	8806	0	0	16	2.13322	
66365.9	8812	0	0	15	2.13335	
66418.9	8823	0	0	15	2.13165	
66472.8	8830	0	0	15	2.12992	
66486.9	8832	0	0	15	2.12947	
66505.9	8835	0	0	16	2.12886	
66521.7	8838	0	0	16	2.12876	
66524.2	8838	0	0	16	2.12867	
66613.2	8846	0	0	16	2.12583	
66621	8848	0	0	15	2.13016	
66652.4	8851	0	0	14	2.1313	
66691.8	8853	0	0	14	2.13004	
66735.4	8854	0	0	14	2.12865	
66737.9	8854	0	0	14	2.12857	
66740.5	8854	0	0	14	2.12849	
66761	8856	0	0	15	2.12784	
66805	8859	0	0	15	2.12644	
66811.3	8860	0	0	15	2.12624	
66838.1	8862	0	0	15	2.12538	
66880.3	8865	0	0	14	2.12608	
66937.8	8870	0	0	15	2.12425	
67022.6	8879	0	0	15	2.12156	
67037.9	8883	0	0	15	2.12108	
67073.5	8885	0	0	15	2.11995	
67151.3	8902	0	0	15	2.1175	
67165.5	8905	0	0	15	2.11705	
67229.9	8912	0	0	15	2.11502	
67260.8	8915	0	0	16	2.11405	
67293.9	8921	0	0	16	2.11301	
67319.3	8924	0	0	15	2.11349	
67345.3	8924	0	0	15	2.11267	
67346.2	8924	0	0	15	2.11265	
67409.5	8930	0	0	16	2.11066	
67447.6	8936	0	0	16	2.10947	
67471.7	8942	0	0	15	2.11055	
67473.6	8942	0	0	14	2.11922	
67664.8	8955	0	0	14	2.11323	
67682.2	8956	0	0	14	2.11269	
67796.1	8968	0	0	14	2.10914	
67843.1	8973	0	0	14	2.10767	
67858.7	8975	0	0	15	2.10719	
67861.2	8975	0	0	14	2.10732	
67905	8978	0	0	14	2.10596	
67943.9	8985	0	0	14	2.10475	
67948.5	8985	0	0	14	2.10461	
67972.9	8990	0	0	15	2.10386	
68016.7	8998	0	0	14	2.10346	
68030.6	9002	0	0	15	2.10303	
68039.8	9002	0	0	15	2.10275	
68100.7	9008	0	0	14	2.10208	
68175	9013	0	0	14	2.09979	
68197.7	9020	0	0	14	2.09909	
68234.8	9022	0	0	14	2.09795	
68238.8	9023	0	0	15	2.09783	
68404.8	9045	0	0	15	2.09274	
68442.7	9045	0	0	14	2.09461	
68456.6	9047	0	0	15	2.09418	
68470.6	9048	0	0	15	2.09375	
68507	9054	0	0	15	2.09264	
68546.1	9059	0	0	15	2.09144	
68579.2	9064	0	0	15	2.09043	
68585.9	9064	0	0	14	2.09232	
68653.5	9077	0	0	15	2.09026	
68664.3	9079	0	0	15	2.08993	
68673	9079	0	0	15	2.08966	
68699.5	9083	0	0	16	2.08886	
68757.3	9096	0	0	16	2.0871	
68808.1	9103	0	0	16	2.08878	
68818.1	9104	0	0	16	2.08847	
68866.7	9108	0	0	16	2.087	
68876.4	9108	0	0	15	2.08961	
68899.5	9110	0	0	15	2.09094	
68926.5	9114	0	0	15	2.09082	
68941.6	9114	0	0	15	2.09036	
69007.8	9123	0	0	16	2.08836	
69022.8	9125	0	0	16	2.08812	
69053.7	9130	0	0	15	2.08873	
69065.1	9132	0	0	15	2.08839	
69100	9135	0	0	15	2.08733	
69115.3	9136	0	0	15	2.08687	
69151.8	9146	0	0	15	2.08577	
69176	9150	0	0	15	2.08504	
69327.3	9180	0	0	15	2.08049	
69345.5	9184	0	0	15	2.07994	
69377.7	9193	0	0	15	2.08583	
69412.6	9201	0	0	15	2.08524	
69540.4	9227	0	0	15	2.08414	
69547.4	9227	0	0	15	2.08393	
69553	9227	0	0	15	2.08377	
69580.5	9229	0	0	14	2.08534	
69622.1	9234	0	0	15	2.08409	
69623.4	9234	0	0	15	2.08405	
69876.2	9261	0	0	17	2.07652	
69894	9263	0	0	17	2.07599	
69952.7	9274	0	0	16	2.07892	
70004.7	9276	0	0	16	2.07738	
70024.7	9279	0	0	16	2.08251	
70067.9	9286	0	0	17	2.08123	
70127	9291	0	0	17	2.07947	
70171.3	9296	0	0	17	2.07816	
70188.2	9297	0	0	16	2.08019	
70213.2	9297	0	0	15	2.08839	
70214.4	9297	0	0	14	2.09096	
70252.7	9305	0	0	14	2.09029	
70265.7	9306	0	0	14	2.08991	
70377.3	9329	0	0	14	2.08659	
70404.4	9334	0	0	15	2.08579	
70538.1	9360	0	0	14	2.08409	
70597.6	9376	0	0	14	2.08234	
70598.3	9376	0	0	14	2.08232	
70695.2	9389	0	0	15	2.07946	
70709.8	9391	0	0	16	2.07904	
70733.5	9395	0	0	15	2.07886	
70776.6	9404	0	0	15	2.0776	
70796.1	9406	0	0	15	2.07702	
70803.8	9406	0	0	15	2.0768	
70822.6	9408	0	0	15	2.07625	
70855.1	9416	0	0	15	2.0753	
70869	9419	0	0	15	2.07489	
70881.3	9419	0	0	14	2.07847	
70900	9420	0	0	14	2.07792	
70928.5	9425	0	0	14	2.07708	
70932.1	9426	0	0	15	2.07698	
70937.8	9427	0	0	15	2.0769	
70975.1	9436	0	0	16	2.07581	
71012.4	9437	0	0	15	2.07581	
71040.7	9445	0	0	16	2.07498	
71057.8	9448	0	0	15	2.07512	
71162.6	9470	0	0	15	2.07206	
71186.4	9474	0	0	15	2.07137	
71188.7	9474	0	0	15	2.0713	
71189.4	9474	0	0	14	2.07481	
71243.8	9481	0	0	14	2.07398	
71265.6	9482	0	0	14	2.07361	
71278.7	9483	0	0	14	2.07323	
71300	9484	0	0	14	2.07261	
71328.4	9486	0	0	15	2.07178	
71352.8	9487	0	0	15	2.07107	
71368.2	9488	0	0	16	2.07063	
71396.2	9488	0	0	15	2.07114	
71416.7	9489	0	0	15	2.07055	
71426.5	9492	0	0	14	2.07129	
71475.4	9497	0	0	15	2.06987	
71491.1	9500	0	0	15	2.06941	
71627.7	9515	0	0	16	2.06547	
71631.9	9515	0	0	15	2.0673	
71652.4	9518	0	0	15	2.06671	
71668.5	9521	0	0	15	2.06642	
71743.1	9536	0	0	14	2.06852	
71769.9	9541	0	0	15	2.06774	
71780.4	9547	0	0	15	2.06744	
71786.1	9547	0	0	15	2.06728	
71806.8	9549	0	0	15	2.06668	
71815.8	9551	0	0	15	2.06653	
71858.1	9554	0	0	15	2.06575	
71879.4	9560	0	0	16	2.06514	
71953.1	9564	0	0	17	2.06302	
71974.8	9567	0	0	17	2.0624	
71995.8	9569	0	0	16	2.06362	
72017.4	9572	0	0	16	2.06483	
72025.3	9572	0	0	15	2.06501	
72042.1	9577	0	0	15	2.0647	
72053.4	9581	0	0	15	2.06438	
72059.3	9583	0	0	15	2.06849	
72142.5	9604	0	0	15	2.06724	
72175	9614	0	0	15	2.06799	
72223.4	9630	0	0	16	2.0666	
72223.6	9630	0	0	15	2.06764	
72290.2	9653	0	0	16	2.06573	
72302.2	9655	0	0	17	2.06539	
72340.9	9658	0	0	17	2.06429	
72365.3	9660	0	0	16	2.06457	
72365.9	9660	0	0	16	2.06456	
72370.4	9660	0	0	16	2.06443	
72381	9662	0	0	17	2.06628	
72398.3	9662	0	0	16	2.06603	
72438.2	9668	0	0	15	2.06852	
72464.2	9670	0	0	15	2.06778	
72505.7	9674	0	0	14	2.06836	
72516.6	9675	0	0	14	2.06805	
72555.3	9681	0	0	14	2.06695	
72562	9681	0	0	14	2.06676	
72604.7	9685	0	0	14	2.06554	
72618.3	9688	0	0	14	2.06516	
72620.6	9688	0	0	14	2.06509	
72695	9707	0	0	14	2.06393	
72695.5	9707	0	0	14	2.06392	
72738.6	9714	0	0	14	2.06317	
72782.4	9718	0	0	14	2.06193	
72791.3	9718	0	0	14	2.06168	
72806.4	9721	0	0	14	2.06143	
72823.6	9723	0	0	14	2.06094	
72854	9728	0	0	14	2.06008	
72854.8	9728	0	0	14	2.06006	
72963.9	9747	0	0	14	2.05841	
73020.3	9757	0	0	14	2.05757	
73023.7	9757	0	0	14	2.05747	
73040.2	9759	0	0	15	2.05701	
73060.7	9763	0	0	15	2.05643	
73171.6	9778	0	0	15	2.05332	
73177.9	9780	0	0	14	2.05521	
73184.2	9781	0	0	15	2.05503	
73232.9	9782	0	0	15	2.05367	
73264.5	9783	0	0	15	2.05278	
73277.2	9784	0	0	15	2.05259	
73286.3	9784	0	0	14	2.05382	
73378.3	9796	0	0	14	2.0524	
73378.9	9796	0	0	14	2.05238	
73392.8	9799	0	0	15	2.05199	
73416.7	9800	0	0	14	2.05177	
73432	9803	0	0	15	2.05135	
73473.1	9807	0	0	15	2.0507	
73543.4	9812	0	0	14	2.05045	
73634.7	9821	0	0	14	2.04791	
73643.2	9821	0	0	14	2.04767	
73678.5	9830	0	0	15	2.04669	
73792.1	9855	0	0	15	2.04354	
73821.5	9867	0	0	15	2.04504	
73861.9	9872	0	0	14	2.04487	
73862.3	9872	0	0	14	2.04485	
73880	9876	0	0	15	2.0445	
73890.6	9881	0	0	16	2.04421	
74008.9	9910	0	0	16	2.04094	
74010.6	9910	0	0	15	2.04286	
74038.4	9915	0	0	15	2.04209	
74048.6	9916	0	0	15	2.04181	
74119.5	9924	0	0	15	2.03986	
74125.4	9924	0	0	15	2.0397	
74143.2	9924	0	0	15	2.03921	
74146.7	9924	0	0	14	2.04268	
74175.3	9930	0	0	14	2.04224	
74218.8	9936	0	0	15	2.04105	
74242.9	9941	0	0	15	2.04038	
74307.4	9955	0	0	15	2.03861	
74428.1	9982	0	0	15	2.03531	
74431.9	9982	0	0	14	2.03862	
74484.6	9994	0	0	15	2.03718	
74611.3	10022	0	0	15	2.03372	
74633.1	10030	0	0	15	2.03312	
74671.9	10032	0	0	15	2.03207	
74706.8	10035	0	0	15	2.03112	
74729.1	10038	0	0	15	2.03051	
74857.4	10065	0	0	15	2.02703	
74859.2	10065	0	0	15	2.02698	
74866.5	10066	0	0	16	2.02679	
74953.1	10075	0	0	15	2.03128	
75043.6	10088	0	0	15	2.02883	
75083.4	10094	0	0	14	2.03067	
75093.5	10097	0	0	15	2.0304	
75102.7	10097	0	0	14	2.0304	
75167.9	10103	0	0	14	2.02864	
75181.2	10105	0	0	15	2.02828	
75214	10110	0	0	16	2.0274	
75299.6	10114	0	0	15	2.02666	
75319.9	10116	0	0	15	2.02611	
75344.9	10119	0	0	15	2.02544	
75377.2	10123	0	0	14	2.02731	
75384.7	10123	0	0	14	2.02711	
75385.6	10123	0	0	14	2.02709	
75400.5	10124	0	0	14	2.02669	
75415.3	10125	0	0	14	2.02629	
75480.6	10132	0	0	14	2.02454	
75535.2	10142	0	0	14	2.02307	
75626	10149	0	0	14	2.02064	
75730.4	10175	0	0	14	2.01786	
75774.7	10179	0	0	14	2.01668	
75793.9	10183	0	0	14	2.01617	
75798	10184	0	0	14	2.01606	
75961.1	10198	0	0	14	2.01173	
75971.2	10199	0	0	14	2.01146	
76044.8	10212	0	0	14	2.00951	
76049.6	10212	0	0	14	2.00939	
76098.4	10216	0	0	14	2.0081	
76233	10229	0	0	15	2.00455	
76235.6	10231	0	0	16	2.00449	
76378.4	10244	0	0	16	2.00074	
76465.7	10265	0	0	16	1.99845	
76510.4	10268	0	0	16	1.99729	
76517.7	10269	0	0	16	1.99715	
76526.6	10270	0	0	17	1.99692	
76536.3	10270	0	0	17	1.99666	
76560.9	10273	0	0	17	2.00204	
76592.2	10278	0	0	17	2.00151	
76593	10278	0	0	17	2.00149	
76594.6	10278	0	0	16	2.00242	
76651	10282	0	0	16	2.00095	
76666.3	10283	0	0	15	2.0022	
76698.6	10289	0	0	15	2.00136	
76760.3	10297	0	0	14	2.0066	
76788.6	10301	0	0	15	2.00586	
76900.2	10314	0	0	15	2.00295	
76945.5	10324	0	0	16	2.00177	
76959.8	10325	0	0	15	2.00212	
76993	10333	0	0	16	2.00126	
77020	10335	0	0	16	2.00392	
77038.4	10337	0	0	15	2.00393	
77064.6	10338	0	0	16	2.00325	
77094.2	10341	0	0	15	2.00422	
77108.2	10341	0	0	15	2.00386	
77174.1	10347	0	0	15	2.00214	
77201.9	10350	0	0	14	2.00345	
77213.4	10353	0	0	15	2.00315	
77261.4	10355	0	0	15	2.00191	
77317.4	10358	0	0	15	2.00046	
77331.4	10364	0	0	15	2.00009	
77358.2	10370	0	0	15	1.9994	
77472.7	10393	0	0	15	1.99645	
77487.1	10395	0	0	15	1.99608	
77519.8	10397	0	0	14	1.99931	
77520.5	10397	0	0	14	1.9993	
77559.9	10398	0	0	14	1.99828	
77593.5	10403	0	0	14	1.99779	
77626.2	10409	0	0	14	1.99695	
77634.1	10410	0	0	14	1.99675	
77641.2	10411	0	0	15	1.99656	
77661.2	10419	0	0	16	1.99605	
77674.2	10420	0	0	15	1.99618	
77708.4	10425	0	0	15	1.9961	
77754.1	10429	0	0	15	1.99586	
77778.7	10437	0	0	16	1.99522	
77789.8	10440	0	0	16	1.99494	
77808.9	10443	0	0	16	1.99445	
77868.1	10449	0	0	15	1.99498	
77879.5	10452	0	0	16	1.99469	
77918.2	10456	0	0	16	1.99431	
78022.7	10466	0	0	16	1.99164	
78078.1	10470	0	0	16	1.99022	
78083.8	10472	0	0	17	1.99008	
78118.5	10475	0	0	17	1.9892	
78120.6	10475	0	0	16	1.98963	
78123.3	10475	0	0	16	1.98956	
78155.3	10479	0	0	17	1.98875	
78190.2	10481	0	0	16	1.99182	
78198.5	10482	0	0	15	1.99715	
78211.3	10483	0	0	15	1.99789	
78213.7	10483	0	0	14	1.99798	
78281.5	10493	0	0	14	1.99625	
78317.7	10499	0	0	14	1.99533	
78363.3	10501	0	0	14	1.99417	
78386.1	10502	0	0	14	1.99358	
78423.9	10508	0	0	14	1.99262	
78440.7	10511	0	0	14	1.9922	
78489.2	10515	0	0	15	1.99097	
78561.3	10529	0	0	15	1.98914	
78596.8	10535	0	0	14	1.99009	
78634.5	10539	0	0	14	1.98914	
78647.8	10541	0	0	14	1.9888	
78656.3	10542	0	0	14	1.98858	
78699	10550	0	0	14	1.98804	
78717.3	10553	0	0	15	1.98758	
78754.6	10555	0	0	15	1.98664	
78763	10556	0	0	14	1.98719	
78765.2	10556	0	0	14	1.98714	
78843.8	10573	0	0	14	1.98516	
78938.7	10584	0	0	15	1.98277	
78968.2	10586	0	0	15	1.98203	
78977.8	10587	0	0	15	1.98179	
79020.9	10590	0	0	15	1.98125	
79062.3	10593	0	0	15	1.9807	
79069.1	10593	0	0	15	1.98053	
79110.8	10596	0	0	15	1.97949	
79159.6	10603	0	0	14	1.98225	
79185.6	10606	0	0	15	1.9816	
79203.2	10608	0	0	16	1.98116	
79231.1	10609	0	0	15	1.98103	
79296.4	10614	0	0	15	1.9794	
79564.7	10646	0	0	15	1.97272	
79613.6	10653	0	0	15	1.9772	
79697	10660	0	0	15	1.97513	
79723	10665	0	0	16	1.97448	
79788.2	10671	0	0	16	1.97362	
79865.5	10683	0	0	16	1.97258	
79883.2	10685	0	0	16	1.97613	
79890.8	10686	0	0	16	1.97614	
79987.9	10696	0	0	17	1.97374	
80056.5	10703	0	0	16	1.97649	
80057.3	10704	0	0	17	1.97647	
80060.2	10705	0	0	18	1.97639	
80123	10712	0	0	17	1.97782	
80143.8	10713	0	0	17	1.97836	
80184.1	10717	0	0	17	1.97736	
80194.3	10719	0	0	16	1.97882	
80213.1	10722	0	0	16	1.97942	
80288.4	10728	0	0	15	1.97866	
80319.8	10730	0	0	15	1.97789	
80339.6	10730	0	0	15	1.9774	
80346.8	10730	0	0	14	1.9828	
80443.7	10744	0	0	14	1.98041	
80474.1	10747	0	0	14	1.97966	
80488.8	10747	0	0	14	1.9793	
80533.7	10752	0	0	14	1.9782	
80544.7	10752	0	0	14	1.97793	
80551.2	10753	0	0	14	1.97777	
80565.2	10757	0	0	15	1.97742	
80648.4	10764	0	0	15	1.97657	
80669.1	10766	0	0	15	1.97733	
80711.3	10773	0	0	15	1.97676	
80745.9	10774	0	0	15	1.97592	
80760.6	10774	0	0	14	1.97692	
80770.2	10775	0	0	15	1.97668	
80800	10777	0	0	15	1.97595	
80814.2	10780	0	0	16	1.97561	
80815.9	10780	0	0	16	1.97556	
80881.4	10785	0	0	16	1.97397	
80940.9	10789	0	0	17	1.97251	
80993.6	10799	0	0	17	1.97123	
81068.1	10804	0	0	16	1.97171	
81073.9	10806	0	0	17	1.97157	
81100.3	10809	0	0	18	1.97093	
81224.6	10821	0	0	17	1.97356	
81233.1	10821	0	0	17	1.97335	
81311	10829	0	0	17	1.97146	
81350.1	10832	0	0	17	1.97051	
81403.7	10837	0	0	17	1.96922	
81411.8	10837	0	0	17	1.96902	
81587	10852	0	0	17	1.97439	
81593.9	10852	0	0	17	1.97423	
81622.6	10854	0	0	18	1.97353	
81627.2	10855	0	0	17	1.97596	
81652.2	10861	0	0	18	1.97535	
81696.1	10867	0	0	17	1.97554	
81698.4	10867	0	0	16	1.9832	
81708.1	10868	0	0	17	1.98297	
81728.3	10869	0	0	17	1.98248	
81774.2	10878	0	0	16	1.98312	
81788.4	10880	0	0	16	1.98293	
81788.4	10880	0	0	15	1.99161	
81816.7	10883	0	0	15	1.99092	
81823.6	10884	0	0	15	1.99075	
81852.2	10886	0	0	14	1.99188	
81874.7	10888	0	0	14	1.99133	
81875.3	10888	0	0	14	1.99132	
81893.9	10888	0	0	14	1.99087	
81907.3	10889	0	0	15	1.99054	
81930.7	10890	0	0	15	1.98997	
82033.8	10902	0	0	16	1.98747	
82035.3	10903	0	0	16	1.98743	
82060.2	10908	0	0	17	1.98683	
82067.7	10910	0	0	17	1.98665	
82073.5	10910	0	0	16	1.98858	
82099.2	10913	0	0	16	1.98796	
82105.2	10914	0	0	16	1.98782	
82119.6	10915	0	0	16	1.98755	
82168.8	10920	0	0	16	1.98693	
82169.5	10920	0	0	15	1.9898	
82189.8	10924	0	0	16	1.98931	
82226.8	10929	0	0	16	1.98842	
82239.9	10930	0	0	17	1.9881	
82269.5	10932	0	0	16	1.98789	
82410.1	10953	0	0	17	1.9845	
82422.5	10953	0	0	17	1.9842	
82445.3	10955	0	0	16	1.98698	
82454.2	10955	0	0	16	1.98677	
82490.6	10960	0	0	16	1.98589	
82591.4	10964	0	0	16	1.98347	
82707.1	10971	0	0	16	1.98879	
82714.9	10972	0	0	15	1.9901	
82751.2	10980	0	0	14	1.99501	
82754	10981	0	0	14	1.99497	
82776.3	10986	0	0	15	1.99443	
82881.2	10992	0	0	15	1.9919	
82918.7	10995	0	0	16	1.991	
83000	11004	0	0	16	1.98905	
83054.3	11006	0	0	16	1.98775	
83066	11007	0	0	17	1.98747	
83130.3	11014	0	0	17	1.9889	
83223.6	11020	0	0	16	1.99228	
83242.2	11024	0	0	16	1.99206	
83274.9	11026	0	0	15	1.99374	
83280.4	11026	0	0	15	1.99361	
83405.6	11037	0	0	14	1.99479	
83485.4	11053	0	0	14	1.99288	
83550.1	11063	0	0	14	1.99134	
83666.8	11095	0	0	14	1.98993	
83754.7	11113	0	0	15	1.98784	
83790.1	11116	0	0	14	1.98841	
83809.2	11120	0	0	15	1.98795	
83813.8	11120	0	0	15	1.98785	
83814.3	11120	0	0	15	1.98783	
83835.6	11122	0	0	14	1.98785	
83836.3	11122	0	0	14	1.98783	
83840	11123	0	0	15	1.98775	
83847.6	11123	0	0	14	1.98768	
83891.8	11131	0	0	15	1.98663	
83943	11134	0	0	15	1.98542	
83951.2	11134	0	0	15	1.98522	
83972.4	11136	0	0	15	1.98472	
84068.9	11145	0	0	15	1.98244	
84204.8	11169	0	0	15	1.97924	
84225.9	11174	0	0	15	1.97875	
84272	11183	0	0	14	1.98269	
84329.3	11191	0	0	14	1.98134	
84344.2	11193	0	0	14	1.98099	
84422.4	11202	0	0	15	1.97916	
84485.7	11210	0	0	16	1.97767	
84529	11216	0	0	15	1.97773	
84590.9	11223	0	0	15	1.97629	
84600.9	11224	0	0	14	1.97908	
84736.6	11236	0	0	14	1.97591	
84846.2	11251	0	0	14	1.97336	
84856.5	11252	0	0	14	1.97312	
84883.6	11257	0	0	15	1.97249	
84950	11264	0	0	15	1.97095	
84961.8	11265	0	0	15	1.97068	
84974.2	11265	0	0	14	1.97168	
85001.7	11269	0	0	15	1.97104	
85006.1	11269	0	0	15	1.97094	
85160.1	11291	0	0	15	1.96737	
85167.4	11291	0	0	14	1.96944	
85202.5	11295	0	0	14	1.96902	
85230.1	11298	0	0	14	1.96838	
85232.4	11298	0	0	14	1.96833	
85422.9	11322	0	0	15	1.96394	
85424.8	11322	0	0	15	1.96389	
85454.9	11325	0	0	16	1.9632	
85482.9	11327	0	0	15	1.96547	
85483.1	11327	0	0	15	1.96546	
85588.8	11335	0	0	16	1.96492	
85610.4	11336	0	0	15	1.96575	
85621.2	11336	0	0	15	1.9655	
85660.9	11339	0	0	15	1.96459	
85678.9	11342	0	0	15	1.96417	
85738.2	11348	0	0	15	1.96282	
85745.8	11351	0	0	15	1.96273	
85756.6	11352	0	0	15	1.96551	
85812.4	11357	0	0	15	1.96423	
85852.5	11361	0	0	16	1.96332	
85876.5	11368	0	0	15	1.96348	
85975.3	11387	0	0	15	1.96123	
86027.9	11403	0	0	15	1.96061	
86054.7	11412	0	0	15	1.96354	
86069.1	11414	0	0	16	1.96321	
86081	11415	0	0	15	1.96321	
86084.5	11415	0	0	15	1.96313	
86119.8	11417	0	0	15	1.96233	
86171.9	11423	0	0	15	1.96278	
86187.3	11428	0	0	14	1.96321	
86204.7	11434	0	0	14	1.96281	
86211.6	11436	0	0	15	1.96265	
86304.4	11452	0	0	15	1.96054	
86326.7	11454	0	0	15	1.96004	
86367.9	11458	0	0	15	1.96098	
86382	11461	0	0	15	1.96066	
86382.5	11462	0	0	15	1.96065	
