221.612	4	0	0	3	0.865381	
223.498	4	0	0	2	1.74984	
253.853	6	0	0	3	2.43183	
334.542	7	0	0	3	2.7787	
350.078	8	0	0	3	2.92889	
363.677	9	0	0	3	2.89555	
461.827	10	0	0	3	2.78894	
486.941	11	0	0	3	2.69261	
514.716	12	0	0	3	2.59618	
644.367	13	0	0	3	2.50788	
718.928	14	0	0	3	2.75847	
719.825	14	0	0	2	3.44269	
818.835	16	0	0	3	3.22964	
819.788	16	0	0	2	3.59537	
848.856	18	0	0	3	3.60591	
875.507	19	0	0	3	3.5554	
908.197	20	0	0	3	3.46271	
959.824	21	0	0	3	3.31906	
986.453	22	0	0	3	3.39365	
1021.26	23	0	0	3	3.32711	
1085.45	24	0	0	3	3.18613	
1221.65	25	0	0	3	3.13317	
1304.39	26	0	0	3	2.99726	
1445.5	27	0	0	3	2.80026	
1452.74	27	0	0	2	3.28064	
1519.26	29	0	0	3	3.16118	
1674.78	30	0	0	3	3.27482	
1721.62	31	0	0	3	3.30249	
1829.2	32	0	0	3	3.31195	
1861.67	33	0	0	3	3.32854	
1893.86	34	0	0	3	3.69692	
1900.87	35	0	0	3	3.7177	
1962.77	36	0	0	3	3.74483	
1990.77	37	0	0	3	3.7369	
2078.18	38	0	0	3	3.63473	
2139.78	39	0	0	3	3.59617	
2245.69	40	0	0	3	3.47344	
2298.83	41	0	0	3	3.57589	
2338.46	42	0	0	3	3.5523	
2387.4	43	0	0	3	3.60873	
2506.68	44	0	0	3	3.51812	
2537.18	45	0	0	3	3.53441	
2554.19	46	0	0	3	3.76876	
2558.87	47	0	0	3	3.7798	
2702.98	48	0	0	3	3.63909	
2703.42	48	0	0	2	3.69274	
2745.22	50	0	0	3	3.64858	
2781.08	51	0	0	3	3.62931	
2870.86	52	0	0	3	3.54594	
2976.47	53	0	0	3	3.49499	
3039	54	0	0	3	3.65357	
3088.36	55	0	0	3	3.66304	
3106.4	56	0	0	3	3.67989	
3158.04	57	0	0	3	3.80814	
3233.64	58	0	0	3	3.77571	
3237.76	59	0	0	3	3.77118	
3245.04	60	0	0	3	3.76436	
3278.01	61	0	0	3	3.73616	
3291.64	62	0	0	3	3.77694	
3345.61	63	0	0	3	3.7706	
3354.51	64	0	0	3	3.77789	
3388.45	65	0	0	3	3.82824	
3410.61	66	0	0	3	3.81821	
3484.9	67	0	0	3	3.75783	
3503.19	68	0	0	3	3.80068	
3513.02	69	0	0	3	3.7915	
3528.8	70	0	0	3	3.81377	
3663.11	71	0	0	3	3.76025	
3672.25	72	0	0	3	3.79367	
3704.58	73	0	0	3	3.76149	
3780.24	74	0	0	3	3.7527	
3801.93	75	0	0	3	3.81401	
3867.64	76	0	0	3	3.77111	
3913.26	77	0	0	3	3.73841	
4054.61	78	0	0	3	3.69397	
4091.44	79	0	0	3	3.66183	
4162.6	80	0	0	3	3.61558	
4173.4	81	0	0	3	3.60848	
4186.07	82	0	0	3	3.66266	
4226.15	83	0	0	3	3.76102	
4247.44	84	0	0	3	3.75871	
4260.29	85	0	0	3	3.75246	
4274.4	86	0	0	3	3.74277	
4276.71	87	0	0	3	3.74125	
4303.96	88	0	0	3	3.8335	
4333.48	89	0	0	3	3.81998	
4355.24	90	0	0	3	3.81261	
4382.53	91	0	0	3	3.79502	
4429.63	92	0	0	3	3.8092	
4474.07	93	0	0	3	3.82062	
4601.9	94	0	0	3	3.7516	
4611.53	95	0	0	3	3.77345	
4627.13	96	0	0	3	3.76615	
4739.25	97	0	0	3	3.70055	
4764.44	98	0	0	3	3.76022	
4772.99	99	0	0	3	3.78562	
4784.11	100	0	0	3	3.78606	
4802.58	101	0	0	3	3.77918	
4854.39	102	0	0	3	3.74951	
4980	103	0	0	3	3.78323	
5047.19	104	0	0	3	3.78477	
5228.71	105	0	0	3	3.72145	
5242.97	106	0	0	3	3.7591	
5405.11	107	0	0	3	3.67276	
5421.48	108	0	0	3	3.66314	
5434.65	109	0	0	3	3.65593	
5499.1	110	0	0	3	3.66195	
5541.37	111	0	0	3	3.72239	
5549.87	112	0	0	3	3.72536	
5679.55	113	0	0	3	3.6646	
5707.38	114	0	0	3	3.65151	
5719.75	114	0	0	2	3.67246	
5828.12	116	0	0	3	3.67141	
5870.68	117	0	0	3	3.66986	
5923.1	118	0	0	3	3.64535	
5953.79	119	0	0	3	3.82418	
5981.2	120	0	0	3	3.84932	
5992.76	121	0	0	3	3.84751	
6012.3	122	0	0	3	3.86241	
6012.55	122	0	0	2	3.86498	
6015.36	124	0	0	3	3.86361	
6021.03	125	0	0	3	3.87506	
6115.14	126	0	0	3	3.8317	
6130.86	127	0	0	3	3.84087	
6229.66	128	0	0	3	3.81934	
6316.57	129	0	0	3	3.78042	
6343.73	130	0	0	3	3.79765	
6456.9	131	0	0	3	3.75255	
6606.74	132	0	0	3	3.68945	
6619.21	133	0	0	3	3.75821	
6625.25	134	0	0	3	3.79713	
6643.16	135	0	0	3	3.88046	
6711.63	136	0	0	3	3.85306	
6717.04	137	0	0	3	3.86385	
6740.47	138	0	0	3	3.87002	
6754.94	139	0	0	3	3.86666	
6895.56	140	0	0	3	3.80768	
6907.99	141	0	0	3	3.82487	
6935.36	142	0	0	3	3.85167	
6955.21	143	0	0	3	3.84734	
7018.81	144	0	0	3	3.85602	
7104.4	145	0	0	3	3.82057	
7146.4	146	0	0	3	3.80322	
7153.99	146	0	0	2	3.82521	
7155.65	147	0	0	2	3.85942	
7254.03	149	0	0	3	3.85061	
7342.76	150	0	0	3	3.82771	
7349.26	151	0	0	3	3.84883	
7406.09	152	0	0	3	3.8392	
7460.51	153	0	0	3	3.82682	
7472.25	154	0	0	3	3.82962	
7555.43	155	0	0	3	3.79816	
7630.48	156	0	0	3	3.78287	
7667.13	157	0	0	3	3.8316	
7765.99	158	0	0	3	3.80905	
7770.22	159	0	0	3	3.8073	
7790.33	160	0	0	3	3.79939	
7806.19	161	0	0	3	3.81398	
7859.36	162	0	0	3	3.8528	
7883.29	163	0	0	3	3.85245	
7895.15	163	0	0	2	3.87535	
7959.67	165	0	0	3	3.85525	
8060.95	166	0	0	3	3.82667	
8073.1	167	0	0	3	3.82237	
8118.19	168	0	0	3	3.81995	
8192.43	169	0	0	3	3.79406	
8197.8	170	0	0	3	3.83844	
8263.31	171	0	0	3	3.81581	
8307.67	172	0	0	3	3.79977	
8401	173	0	0	3	3.8169	
8452.41	174	0	0	3	3.82419	
8469.53	175	0	0	3	3.86302	
8494.29	176	0	0	3	3.85465	
8525.73	177	0	0	3	3.85494	
8558.42	178	0	0	3	3.86941	
8614.35	179	0	0	3	3.85453	
8631.97	180	0	0	3	3.86245	
8697.1	181	0	0	3	3.84937	
8752.08	182	0	0	3	3.8388	
8813.94	183	0	0	3	3.8345	
8879.2	184	0	0	3	3.8134	
8993.5	185	0	0	3	3.82472	
9054.74	186	0	0	3	3.8178	
9081.8	187	0	0	3	3.84258	
9141.18	188	0	0	3	3.82686	
9232.91	189	0	0	3	3.84631	
9236.21	190	0	0	3	3.86927	
9390.36	191	0	0	3	3.83217	
9423.99	192	0	0	3	3.83815	
9444.23	193	0	0	3	3.85227	
9469.08	194	0	0	3	3.88287	
9628.4	195	0	0	3	3.83493	
9633.61	196	0	0	3	3.85203	
9644.39	197	0	0	3	3.84912	
9666.69	198	0	0	3	3.8428	
9670.91	199	0	0	3	3.86912	
9716.32	200	0	0	3	3.88092	
9716.97	201	0	0	3	3.88066	
9774.52	202	0	0	3	3.86821	
9837.33	203	0	0	3	3.86055	
9905.85	204	0	0	3	3.8599	
9913.66	205	0	0	3	3.87082	
10064.4	206	0	0	3	3.82821	
10120.7	207	0	0	3	3.82717	
10173.7	208	0	0	3	3.812	
10185	209	0	0	3	3.80883	
10236.9	210	0	0	3	3.83894	
10437.9	211	0	0	3	3.8224	
10439.1	212	0	0	3	3.82206	
10494.7	213	0	0	3	3.84268	
10499.7	214	0	0	3	3.84103	
10524.2	215	0	0	3	3.83388	
10607.4	216	0	0	3	3.83837	
10664.5	217	0	0	3	3.86257	
10864.3	218	0	0	3	3.80948	
10895.1	219	0	0	3	3.82503	
10909.2	220	0	0	3	3.8626	
10909.8	220	0	0	2	3.86652	
10938.3	222	0	0	3	3.89424	
10957	223	0	0	3	3.89255	
11177.2	224	0	0	3	3.83715	
11250.3	225	0	0	3	3.83783	
11337	226	0	0	3	3.8459	
11377.7	227	0	0	3	3.87295	
11399	228	0	0	3	3.87057	
11571	229	0	0	3	3.82759	
11574.5	229	0	0	2	3.85392	
11600.4	231	0	0	3	3.88154	
11624	232	0	0	3	3.89441	
11626.6	233	0	0	3	3.89555	
11661.8	234	0	0	3	3.88997	
11711	235	0	0	3	3.88412	
11725.2	236	0	0	3	3.88789	
11844.5	237	0	0	3	3.86383	
11889.2	238	0	0	3	3.85294	
11893	239	0	0	3	3.87411	
11932.2	240	0	0	3	3.87966	
11973.6	241	0	0	3	3.87324	
11989.4	242	0	0	3	3.87267	
11996.3	243	0	0	3	3.87152	
12001.7	244	0	0	3	3.86981	
12005.3	245	0	0	3	3.86892	
12110.4	246	0	0	3	3.84349	
12155.1	247	0	0	3	3.85085	
12203.3	248	0	0	3	3.84293	
12246.5	249	0	0	3	3.83683	
12366.7	250	0	0	3	3.82997	
12383.3	251	0	0	3	3.87787	
12398.5	252	0	0	3	3.87549	
12427.8	253	0	0	3	3.884	
12574.2	254	0	0	3	3.85385	
12683.4	255	0	0	3	3.8431	
12689.7	256	0	0	3	3.85024	
12716.4	257	0	0	3	3.87912	
13053.2	258	0	0	3	3.80465	
13060.7	259	0	0	3	3.83125	
13165.7	260	0	0	3	3.80863	
13221.1	261	0	0	3	3.83279	
13230.5	262	0	0	3	3.83068	
13302.3	263	0	0	3	3.8755	
13348	264	0	0	3	3.87103	
13357.2	265	0	0	3	3.88037	
13430.8	266	0	0	3	3.86499	
13479.5	267	0	0	3	3.86397	
13531.1	268	0	0	3	3.86166	
13639.4	269	0	0	3	3.8427	
13672	270	0	0	3	3.85115	
13685	271	0	0	3	3.89358	
13769.1	272	0	0	3	3.87904	
13769.3	272	0	0	2	3.88584	
13794.8	274	0	0	3	3.8805	
13865.8	275	0	0	3	3.8672	
13882.2	276	0	0	3	3.86355	
13909.2	277	0	0	3	3.87206	
14052.4	278	0	0	3	3.84451	
14151	279	0	0	3	3.83472	
14154	279	0	0	2	3.84081	
14262.6	281	0	0	3	3.81895	
14283.2	282	0	0	3	3.81453	
14289.9	283	0	0	3	3.84731	
14339.9	284	0	0	3	3.88998	
14426.2	285	0	0	3	3.87211	
14442.3	286	0	0	3	3.86823	
14464.5	287	0	0	3	3.88315	
14597.9	288	0	0	3	3.86894	
14632.7	289	0	0	3	3.87239	
14687.2	290	0	0	3	3.88504	
14704.7	291	0	0	3	3.88458	
14732.2	292	0	0	3	3.89527	
14798.4	293	0	0	3	3.88414	
14812.1	294	0	0	3	3.88889	
14924.2	295	0	0	3	3.88146	
14933.8	296	0	0	3	3.88712	
15079.8	297	0	0	3	3.8583	
15090	298	0	0	3	3.87929	
15131.4	299	0	0	3	3.88234	
15165.9	300	0	0	3	3.89752	
15173.1	301	0	0	3	3.90105	
15200.7	302	0	0	3	3.89545	
15213.3	303	0	0	3	3.893	
15227.8	304	0	0	3	3.89534	
15357.8	305	0	0	3	3.8746	
15367.6	306	0	0	3	3.88082	
15385.1	307	0	0	3	3.88757	
15464.7	308	0	0	3	3.87242	
15496.6	309	0	0	3	3.87335	
15524.6	310	0	0	3	3.86805	
15552.3	311	0	0	3	3.89148	
15561.6	312	0	0	3	3.88933	
15590.6	313	0	0	3	3.88342	
15645.3	314	0	0	3	3.87752	
15781.4	315	0	0	3	3.86937	
15863.5	316	0	0	3	3.86281	
15909.8	317	0	0	3	3.87145	
16049.9	318	0	0	3	3.84871	
16092.5	319	0	0	3	3.84099	
16110.9	320	0	0	3	3.87646	
16167	321	0	0	3	3.87879	
16224	322	0	0	3	3.87203	
16257.4	323	0	0	3	3.8696	
16402.4	324	0	0	3	3.87302	
16421.8	325	0	0	3	3.87783	
16519.9	326	0	0	3	3.87271	
16543.6	327	0	0	3	3.89438	
16703.2	328	0	0	3	3.87514	
16732.3	329	0	0	3	3.86988	
16768.1	330	0	0	3	3.88183	
16781.3	331	0	0	3	3.87952	
16858.2	332	0	0	3	3.88165	
16963.5	333	0	0	3	3.8682	
16974.9	334	0	0	3	3.89076	
17002.7	335	0	0	3	3.88664	
17004	335	0	0	2	3.90231	
17043.3	337	0	0	3	3.89714	
17128.4	338	0	0	3	3.88244	
17160.3	339	0	0	3	3.89279	
17260.6	340	0	0	3	3.87755	
17266.5	341	0	0	3	3.89118	
17316.3	342	0	0	3	3.8828	
17354.8	343	0	0	3	3.8793	
17375.5	344	0	0	3	3.89576	
17394.3	345	0	0	3	3.8938	
17447.5	346	0	0	3	3.88443	
17456.6	346	0	0	2	3.89031	
17461.4	347	0	0	2	3.88938	
17591.1	349	0	0	3	3.88499	
17601.5	350	0	0	3	3.88324	
17644.9	351	0	0	3	3.87607	
17658.6	352	0	0	3	3.88369	
17660.7	353	0	0	3	3.88397	
17674.8	354	0	0	3	3.89287	
17679.7	355	0	0	3	3.89203	
17695.3	356	0	0	3	3.90661	
17701.7	357	0	0	3	3.90752	
17739.9	358	0	0	3	3.90124	
17750.6	359	0	0	3	3.90193	
17767.5	360	0	0	3	3.90435	
17794.6	361	0	0	3	3.90053	
17837.7	362	0	0	3	3.89986	
17884.7	363	0	0	3	3.89615	
17887.6	363	0	0	2	3.89764	
18070.9	365	0	0	3	3.86807	
18079	366	0	0	3	3.88508	
18093	367	0	0	3	3.88282	
18096.4	367	0	0	2	3.89875	
18106.8	369	0	0	3	3.89848	
18110.9	370	0	0	3	3.89814	
18131.2	371	0	0	3	3.90674	
18273.1	372	0	0	3	3.88524	
18360.2	373	0	0	3	3.88049	
18386	374	0	0	3	3.89061	
18399.7	375	0	0	3	3.902	
18480.3	376	0	0	3	3.88912	
18513.2	377	0	0	3	3.88387	
18622.9	378	0	0	3	3.87367	
18630.9	379	0	0	3	3.8783	
18643.2	380	0	0	3	3.89056	
18800.6	381	0	0	3	3.8671	
18804.3	382	0	0	3	3.86652	
18871.4	383	0	0	3	3.86548	
18983.2	384	0	0	3	3.8483	
19042.1	385	0	0	3	3.87677	
19043.5	386	0	0	3	3.889	
19052.4	387	0	0	3	3.88771	
19054.2	388	0	0	3	3.89085	
19101.1	389	0	0	3	3.9049	
19103.4	390	0	0	3	3.90697	
19116.1	391	0	0	3	3.9045	
19141.5	392	0	0	3	3.90042	
19221.3	393	0	0	3	3.88784	
19280.3	394	0	0	3	3.88515	
19289.6	395	0	0	3	3.8837	
19299.1	396	0	0	3	3.88203	
19311.5	397	0	0	3	3.88403	
19319.9	398	0	0	3	3.89634	
19367.9	399	0	0	3	3.88913	
19429.6	400	0	0	3	3.89615	
19443.9	401	0	0	3	3.89976	
19523.4	402	0	0	3	3.88737	
19526.6	403	0	0	3	3.89829	
19534.5	404	0	0	3	3.89706	
19632.8	405	0	0	3	3.88305	
19685.5	406	0	0	3	3.88018	
19693.5	407	0	0	3	3.89191	
19753.3	408	0	0	3	3.88301	
19792.1	409	0	0	3	3.87654	
19804.2	410	0	0	3	3.87982	
19829	411	0	0	3	3.87665	
19857.8	412	0	0	3	3.89568	
19889.3	413	0	0	3	3.89108	
19943.1	414	0	0	3	3.88746	
19946.6	415	0	0	3	3.88926	
20003.6	416	0	0	3	3.88096	
20055.8	417	0	0	3	3.87333	
20063.3	418	0	0	3	3.88316	
20103.3	419	0	0	3	3.8833	
20305.7	420	0	0	3	3.8544	
20323.6	421	0	0	3	3.86349	
20325.9	422	0	0	3	3.86383	
20374.1	423	0	0	3	3.85699	
20374.8	423	0	0	2	3.85929	
20404.5	425	0	0	3	3.87069	
20410.5	425	0	0	2	3.90675	
20593.8	427	0	0	3	3.88237	
20608	428	0	0	3	3.89091	
20659.2	429	0	0	3	3.89258	
20687.1	430	0	0	3	3.88853	
20713.7	431	0	0	3	3.89793	
20733.9	432	0	0	3	3.89601	
20739.6	433	0	0	3	3.90178	
20749.7	434	0	0	3	3.90647	
20762.5	435	0	0	3	3.90528	
20965.9	436	0	0	3	3.87814	
20993.7	437	0	0	3	3.88439	
20996.9	437	0	0	2	3.88523	
21040	439	0	0	3	3.87923	
21055.4	440	0	0	3	3.89255	
21075.5	441	0	0	3	3.90366	
21076	441	0	0	2	3.90517	
21099	443	0	0	3	3.90287	
21220.1	444	0	0	3	3.8909	
21234.1	445	0	0	3	3.89572	
21305	446	0	0	3	3.88595	
21338.1	447	0	0	3	3.88529	
21357.3	448	0	0	3	3.88419	
21358.6	448	0	0	2	3.89606	
21381.7	450	0	0	3	3.90602	
21474	451	0	0	3	3.89423	
21566.5	452	0	0	3	3.88166	
21619.9	453	0	0	3	3.88374	
21679	454	0	0	3	3.88686	
21757.9	455	0	0	3	3.87625	
21793	456	0	0	3	3.87786	
21813.4	457	0	0	3	3.87664	
21833	458	0	0	3	3.88533	
21858.6	459	0	0	3	3.88181	
21864.8	460	0	0	3	3.8834	
22007.9	461	0	0	3	3.86486	
22060.6	462	0	0	3	3.86664	
22171.1	463	0	0	3	3.88465	
22257	464	0	0	3	3.88705	
22258.1	465	0	0	3	3.89076	
22302.7	466	0	0	3	3.89553	
22313.6	467	0	0	3	3.89612	
22338.1	468	0	0	3	3.89312	
22441.4	469	0	0	3	3.88089	
22457.2	470	0	0	3	3.88343	
22500.1	471	0	0	3	3.87854	
22502.5	472	0	0	3	3.88903	
22516.3	473	0	0	3	3.88734	
22537.8	474	0	0	3	3.88494	
22539.4	474	0	0	2	3.90577	
22559	476	0	0	3	3.90299	
22598.2	477	0	0	3	3.89983	
22605.5	478	0	0	3	3.89866	
22615	479	0	0	3	3.90001	
22638.3	480	0	0	3	3.89683	
22664.3	481	0	0	3	3.90135	
22802.2	482	0	0	3	3.88494	
22825.3	483	0	0	3	3.89049	
22844.8	484	0	0	3	3.89452	
22854.7	485	0	0	3	3.89407	
22888.6	486	0	0	3	3.89008	
22939	487	0	0	3	3.89792	
22980.4	488	0	0	3	3.89256	
23001.9	489	0	0	3	3.89504	
23005.6	489	0	0	2	3.90323	
23095.9	491	0	0	3	3.89128	
23176.9	492	0	0	3	3.88606	
23315.2	493	0	0	3	3.88034	
23320.9	494	0	0	3	3.87948	
23325.7	494	0	0	2	3.89232	
23357.7	496	0	0	3	3.88796	
23374.8	497	0	0	3	3.89649	
23394.2	498	0	0	3	3.90251	
23425.1	499	0	0	3	3.90154	
23433.8	500	0	0	3	3.90217	
23444.9	501	0	0	3	3.9007	
23513.6	502	0	0	3	3.89573	
23524.6	503	0	0	3	3.89424	
23561.1	504	0	0	3	3.8952	
23611.3	505	0	0	3	3.89459	
23618.8	506	0	0	3	3.89363	
23657.9	507	0	0	3	3.89283	
23676.5	508	0	0	3	3.89458	
23744.9	509	0	0	3	3.88697	
23745.7	509	0	0	2	3.8896	
23837.9	511	0	0	3	3.8835	
23935.7	512	0	0	3	3.87548	
24017.2	513	0	0	3	3.86964	
24106.4	514	0	0	3	3.8587	
24162.9	515	0	0	3	3.86676	
24207	516	0	0	3	3.86361	
24219.3	517	0	0	3	3.89356	
24247.5	518	0	0	3	3.8907	
24378.2	519	0	0	3	3.87837	
24420	520	0	0	3	3.87873	
24438.8	521	0	0	3	3.88469	
24528.3	522	0	0	3	3.8749	
24528.5	523	0	0	3	3.8807	
24534.3	523	0	0	2	3.88003	
24554.7	525	0	0	3	3.87747	
24577.8	526	0	0	3	3.87555	
24584.2	527	0	0	3	3.87571	
24586.9	527	0	0	2	3.87553	
24620.5	529	0	0	3	3.8772	
24622.7	529	0	0	2	3.87822	
24635.6	531	0	0	3	3.90458	
24646.6	532	0	0	3	3.90507	
24650.3	533	0	0	3	3.90544	
24678.6	534	0	0	3	3.9022	
24709.8	535	0	0	3	3.90025	
24772.9	536	0	0	3	3.89284	
24946	537	0	0	3	3.87755	
24970.6	538	0	0	3	3.87447	
24994.7	539	0	0	3	3.88321	
25006.5	540	0	0	3	3.89056	
25236.6	541	0	0	3	3.86408	
25246.6	542	0	0	3	3.87333	
25261.5	543	0	0	3	3.88159	
25286.4	544	0	0	3	3.90396	
25303.1	545	0	0	3	3.90259	
25318.8	546	0	0	3	3.90144	
25341.7	547	0	0	3	3.90159	
25429.2	548	0	0	3	3.89311	
25541	549	0	0	3	3.8836	
25624.3	550	0	0	3	3.88597	
25663	551	0	0	3	3.88887	
25680.3	552	0	0	3	3.88677	
25752.4	553	0	0	3	3.8926	
25769.7	554	0	0	3	3.89863	
25816.3	555	0	0	3	3.89893	
25841	556	0	0	3	3.90137	
25855.7	556	0	0	2	3.90308	
25992.8	558	0	0	3	3.88753	
26019.3	559	0	0	3	3.89273	
26023.6	560	0	0	3	3.89215	
26039.6	561	0	0	3	3.89153	
26063.2	562	0	0	3	3.89574	
26171.2	563	0	0	3	3.89316	
26277	564	0	0	3	3.88149	
26448.1	565	0	0	3	3.87157	
26518.3	566	0	0	3	3.87019	
26522.9	567	0	0	3	3.87232	
26567.5	568	0	0	3	3.86743	
26602.9	569	0	0	3	3.86331	
26615.7	570	0	0	3	3.88366	
26653.8	571	0	0	3	3.87993	
26696.8	572	0	0	3	3.87526	
26716.8	573	0	0	3	3.87972	
26774	574	0	0	3	3.87423	
26878.8	575	0	0	3	3.88936	
26912.5	576	0	0	3	3.89161	
26934	577	0	0	3	3.88924	
27000.4	578	0	0	3	3.88805	
27017	579	0	0	3	3.88872	
27045.6	580	0	0	3	3.90044	
27067.4	581	0	0	3	3.89914	
27094.2	582	0	0	3	3.89597	
27129.2	583	0	0	3	3.89202	
27186.6	584	0	0	3	3.89064	
27211.7	585	0	0	3	3.89299	
27284.4	586	0	0	3	3.89712	
27348.3	587	0	0	3	3.89322	
27354.2	587	0	0	2	3.90043	
27392.3	589	0	0	3	3.89868	
27425.6	590	0	0	3	3.89639	
27448.4	591	0	0	3	3.89509	
27479.6	592	0	0	3	3.89521	
27494.8	593	0	0	3	3.89551	
27550.5	594	0	0	3	3.89978	
27605.4	595	0	0	3	3.89383	
27769.7	596	0	0	3	3.88059	
27811.4	597	0	0	3	3.88773	
27830.4	598	0	0	3	3.88566	
28117.5	599	0	0	3	3.86417	
28147.6	600	0	0	3	3.87337	
28244.8	601	0	0	3	3.87462	
28266.6	602	0	0	3	3.89929	
28273.1	603	0	0	3	3.89927	
28277.2	603	0	0	2	3.89907	
28293.8	605	0	0	3	3.90184	
28297.2	606	0	0	3	3.90148	
28449.7	607	0	0	3	3.89204	
28513.5	608	0	0	3	3.89079	
28588.6	609	0	0	3	3.88532	
28625.3	610	0	0	3	3.89227	
28635.1	611	0	0	3	3.89127	
28676.1	612	0	0	3	3.88687	
28772.6	613	0	0	3	3.88008	
28833.3	614	0	0	3	3.88281	
28838.9	615	0	0	3	3.90152	
28858.9	616	0	0	3	3.90501	
28959.8	617	0	0	3	3.89786	
28977.4	618	0	0	3	3.90044	
28988.8	619	0	0	3	3.8999	
28995.3	620	0	0	3	3.90439	
29015.1	621	0	0	3	3.90302	
29029.8	622	0	0	3	3.90151	
29151.2	623	0	0	3	3.89516	
29289.3	624	0	0	3	3.88678	
29349.1	625	0	0	3	3.89097	
29382	626	0	0	3	3.88974	
29402.8	627	0	0	3	3.89967	
29450.1	628	0	0	3	3.89565	
29463.9	629	0	0	3	3.89771	
29478.1	630	0	0	3	3.89832	
29663.4	631	0	0	3	3.88051	
29785.6	632	0	0	3	3.86866	
29808.3	633	0	0	3	3.87656	
29814.9	634	0	0	3	3.89797	
29909.2	635	0	0	3	3.88962	
29946.1	636	0	0	3	3.90131	
30057	637	0	0	3	3.89059	
30077.9	638	0	0	3	3.89677	
30138.6	639	0	0	3	3.89129	
30187.4	640	0	0	3	3.88853	
30421	641	0	0	3	3.8679	
30634.4	642	0	0	3	3.84759	
30638.6	642	0	0	2	3.86163	
30664.5	644	0	0	3	3.88603	
30706.8	645	0	0	3	3.90663	
30779.2	646	0	0	3	3.9019	
30817.6	647	0	0	3	3.8982	
30852.9	648	0	0	3	3.90064	
30864.5	649	0	0	3	3.90555	
30915.1	650	0	0	3	3.90095	
30954.5	651	0	0	3	3.89887	
30982.8	652	0	0	3	3.9006	
31021.9	653	0	0	3	3.90573	
31052	654	0	0	3	3.90414	
31094	655	0	0	3	3.90458	
31231.4	656	0	0	3	3.89177	
31234.8	657	0	0	3	3.89795	
31264.2	658	0	0	3	3.89529	
31391.9	659	0	0	3	3.88341	
31428.4	660	0	0	3	3.87968	
31446.4	661	0	0	3	3.8931	
31459.4	662	0	0	3	3.89182	
31464.3	663	0	0	3	3.89136	
31627.6	664	0	0	3	3.88336	
31640.2	665	0	0	3	3.90026	
31676.1	666	0	0	3	3.90365	
31824.8	667	0	0	3	3.89674	
31984	668	0	0	3	3.8821	
32019.7	669	0	0	3	3.87843	
32109.2	670	0	0	3	3.8811	
32170.6	671	0	0	3	3.87827	
32208.1	672	0	0	3	3.8749	
32305.1	673	0	0	3	3.86546	
32305.6	673	0	0	2	3.88595	
32351.4	675	0	0	3	3.88167	
32351.6	675	0	0	2	3.88257	
32379.6	677	0	0	3	3.90241	
32426.4	678	0	0	3	3.89771	
32451.8	679	0	0	3	3.89768	
32456.5	680	0	0	3	3.89713	
32492.3	681	0	0	3	3.90453	
32524.1	682	0	0	3	3.90369	
32535.7	682	0	0	2	3.90785	
32548.6	684	0	0	3	3.90659	
32566.3	685	0	0	3	3.90674	
32567.9	686	0	0	3	3.90751	
32639.7	687	0	0	3	3.90095	
32665	688	0	0	3	3.90147	
32709.7	689	0	0	3	3.90388	
32811.4	690	0	0	3	3.8948	
32846.1	691	0	0	3	3.89693	
32918.9	692	0	0	3	3.89898	
32970.3	693	0	0	3	3.90195	
32984.8	694	0	0	3	3.90216	
32995.2	695	0	0	3	3.90618	
33028.7	696	0	0	3	3.90289	
33079.4	697	0	0	3	3.89958	
33092.4	698	0	0	3	3.8999	
33113	699	0	0	3	3.8983	
33136	700	0	0	3	3.90036	
33291.5	701	0	0	3	3.88749	
33364.6	702	0	0	3	3.88713	
33379.8	703	0	0	3	3.88567	
33397.6	703	0	0	2	3.9	
33408.3	705	0	0	3	3.89888	
33512	706	0	0	3	3.89796	
33584.3	707	0	0	3	3.89481	
33584.4	707	0	0	2	3.90325	
33682.3	709	0	0	3	3.90031	
33776	710	0	0	3	3.89511	
33787.7	711	0	0	3	3.89973	
33827.5	712	0	0	3	3.90405	
33859.1	713	0	0	3	3.90559	
33859.9	713	0	0	2	3.90756	
33971.1	715	0	0	3	3.89795	
34043.4	716	0	0	3	3.89752	
34192.9	717	0	0	3	3.89065	
34226.6	718	0	0	3	3.89408	
34355.1	719	0	0	3	3.88324	
34393.8	720	0	0	3	3.88903	
34460	721	0	0	3	3.88918	
34594.8	722	0	0	3	3.87976	
34614.1	723	0	0	3	3.89931	
34701.8	724	0	0	3	3.89936	
34754.2	725	0	0	3	3.90169	
34873	726	0	0	3	3.89325	
34973.9	727	0	0	3	3.89229	
35112.1	728	0	0	3	3.88086	
35161.4	729	0	0	3	3.88331	
35381.1	730	0	0	3	3.87678	
35430	731	0	0	3	3.87891	
35439.8	731	0	0	2	3.87923	
35455.4	733	0	0	3	3.9017	
35544.1	734	0	0	3	3.90409	
35553.8	735	0	0	3	3.90615	
35679.2	736	0	0	3	3.89611	
35683.1	737	0	0	3	3.90202	
35697.9	738	0	0	3	3.9008	
35714.7	739	0	0	3	3.89991	
35819.3	740	0	0	3	3.89142	
35855.7	741	0	0	3	3.88848	
35979.4	742	0	0	3	3.87844	
36108.3	743	0	0	3	3.88283	
36317	744	0	0	3	3.87747	
36347.6	745	0	0	3	3.87449	
36405.7	746	0	0	3	3.87993	
36415.5	747	0	0	3	3.88727	
36506.1	748	0	0	3	3.88004	
36523.5	749	0	0	3	3.88274	
36584.4	750	0	0	3	3.87796	
36700.4	751	0	0	3	3.86881	
36812.1	752	0	0	3	3.85988	
36864	753	0	0	3	3.86678	
36925.6	754	0	0	3	3.87117	
36955.1	755	0	0	3	3.86845	
36974.3	756	0	0	3	3.86938	
36975.2	756	0	0	2	3.87361	
37024.7	758	0	0	3	3.87015	
37041.3	759	0	0	3	3.86886	
37047.7	760	0	0	3	3.86833	
37092.2	761	0	0	3	3.90515	
37147.3	762	0	0	3	3.90374	
37336.3	763	0	0	3	3.89049	
37398.9	764	0	0	3	3.8856	
37462	765	0	0	3	3.89007	
37467.9	766	0	0	3	3.90236	
37586.6	767	0	0	3	3.89334	
37597.7	768	0	0	3	3.89743	
37656.9	769	0	0	3	3.89282	
37668.9	770	0	0	3	3.90524	
37693.4	771	0	0	3	3.90357	
37706.9	772	0	0	3	3.90532	
37865.1	773	0	0	3	3.89345	
37873	774	0	0	3	3.89282	
37888	775	0	0	3	3.90221	
37923.6	776	0	0	3	3.90408	
38074.3	777	0	0	3	3.89919	
38128.1	778	0	0	3	3.89903	
38161.3	779	0	0	3	3.89783	
38168	779	0	0	2	3.9043	
38221.7	781	0	0	3	3.90022	
38367.7	782	0	0	3	3.89823	
38371.1	783	0	0	3	3.90141	
38418.3	784	0	0	3	3.90405	
38446.1	785	0	0	3	3.90321	
38462.9	786	0	0	3	3.90255	
38500.7	787	0	0	3	3.90181	
38518.2	788	0	0	3	3.90185	
38595.6	789	0	0	3	3.89628	
38749.4	790	0	0	3	3.88477	
38883	791	0	0	3	3.88977	
38889.1	792	0	0	3	3.89252	
38911.7	793	0	0	3	3.89083	
38932.9	794	0	0	3	3.88897	
38941.9	795	0	0	3	3.89892	
38972.3	796	0	0	3	3.90891	
38991.9	797	0	0	3	3.9096	
39009.2	798	0	0	3	3.90948	
39180.8	799	0	0	3	3.89767	
39189.6	800	0	0	3	3.90329	
39248	801	0	0	3	3.90343	
39273.3	802	0	0	3	3.90324	
39285.6	803	0	0	3	3.90284	
39303.7	804	0	0	3	3.90149	
39347.6	805	0	0	3	3.89894	
39355.5	805	0	0	2	3.90232	
39463.9	807	0	0	3	3.89435	
39500.8	808	0	0	3	3.89437	
39511.8	809	0	0	3	3.89351	
39640.9	810	0	0	3	3.88923	
39650.3	811	0	0	3	3.89159	
39737.4	812	0	0	3	3.88549	
39768.1	813	0	0	3	3.89008	
39794.9	814	0	0	3	3.89083	
39820.4	815	0	0	3	3.88897	
39883.9	816	0	0	3	3.88514	
39895.4	816	0	0	2	3.9065	
40220.3	818	0	0	3	3.883	
40255.3	819	0	0	3	3.89246	
40276.2	820	0	0	3	3.90171	
40286.6	820	0	0	2	3.91031	
40299.5	822	0	0	3	3.91008	
40383.9	823	0	0	3	3.90594	
40475.3	824	0	0	3	3.9017	
40536.9	825	0	0	3	3.90179	
40598	826	0	0	3	3.90322	
40616.4	827	0	0	3	3.90717	
40621.6	827	0	0	2	3.90721	
40676.7	829	0	0	3	3.90487	
40689.8	830	0	0	3	3.90525	
40710.1	831	0	0	3	3.90897	
40762.3	832	0	0	3	3.90606	
40804.1	833	0	0	3	3.90436	
40859	834	0	0	3	3.90135	
40957.5	835	0	0	3	3.89849	
40999.9	836	0	0	3	3.8953	
41015.6	837	0	0	3	3.89879	
41086.1	838	0	0	3	3.90329	
41127.7	839	0	0	3	3.90029	
41152.3	840	0	0	3	3.90507	
41153.6	840	0	0	2	3.90827	
41208.4	842	0	0	3	3.90812	
41210.9	843	0	0	3	3.909	
41320.8	844	0	0	3	3.90131	
41345.6	845	0	0	3	3.89951	
41349.7	846	0	0	3	3.90447	
41363.2	847	0	0	3	3.90351	
41403.4	848	0	0	3	3.90559	
41432.3	849	0	0	3	3.90446	
41572	850	0	0	3	3.90001	
41577.9	851	0	0	3	3.89949	
41582.8	852	0	0	3	3.90473	
41726.2	853	0	0	3	3.89901	
41743.2	854	0	0	3	3.90128	
41745.7	855	0	0	3	3.90108	
41831.7	856	0	0	3	3.9023	
41845.5	857	0	0	3	3.90727	
41881.7	858	0	0	3	3.90472	
41897.6	859	0	0	3	3.90358	
42001	860	0	0	3	3.89637	
42039.9	861	0	0	3	3.9	
42056.3	862	0	0	3	3.90584	
42133.6	863	0	0	3	3.9018	
42169.2	864	0	0	3	3.90148	
42226	865	0	0	3	3.90022	
42237.4	866	0	0	3	3.90872	
42389.1	867	0	0	3	3.8982	
42416.4	868	0	0	3	3.90009	
42459.8	869	0	0	3	3.89775	
42507.1	870	0	0	3	3.89552	
42521.6	871	0	0	3	3.89444	
42557.2	872	0	0	3	3.9011	
42655.6	873	0	0	3	3.89409	
42744.1	874	0	0	3	3.89261	
42814.1	875	0	0	3	3.89308	
42827.5	876	0	0	3	3.89217	
42851	877	0	0	3	3.90592	
42878.1	878	0	0	3	3.90401	
42880.6	878	0	0	2	3.90689	
42961.4	880	0	0	3	3.90659	
42966.4	881	0	0	3	3.90619	
43022.7	882	0	0	3	3.90551	
43066.7	883	0	0	3	3.90244	
43123.7	884	0	0	3	3.90292	
43192.7	885	0	0	3	3.89816	
43227.3	886	0	0	3	3.8987	
43407.3	887	0	0	3	3.89266	
43424.8	888	0	0	3	3.89625	
43456.7	889	0	0	3	3.89444	
43507	890	0	0	3	3.90407	
43554.6	891	0	0	3	3.90275	
43584.6	892	0	0	3	3.90176	
43616.4	893	0	0	3	3.90777	
43731.5	894	0	0	3	3.90078	
43732.4	894	0	0	2	3.90321	
43783.7	896	0	0	3	3.90608	
43926	897	0	0	3	3.90183	
43996.2	898	0	0	3	3.9004	
44024.9	899	0	0	3	3.90449	
44061.8	900	0	0	3	3.90269	
44065.5	901	0	0	3	3.90241	
44167.8	902	0	0	3	3.90321	
44211.6	903	0	0	3	3.90354	
44221.2	904	0	0	3	3.90287	
44252.1	905	0	0	3	3.90431	
44260.9	906	0	0	3	3.90356	
44271.7	907	0	0	3	3.90275	
44282.8	908	0	0	3	3.90981	
44303.1	909	0	0	3	3.9087	
44348.4	910	0	0	3	3.90739	
44411.1	911	0	0	3	3.90426	
44413.1	911	0	0	2	3.907	
44638.2	913	0	0	3	3.89209	
44649.5	914	0	0	3	3.90188	
44650.8	914	0	0	2	3.90836	
44659.9	916	0	0	3	3.91267	
44691.4	917	0	0	3	3.91097	
44880.9	918	0	0	3	3.89839	
44885.1	919	0	0	3	3.90316	
44906.1	920	0	0	3	3.90167	
44914.2	921	0	0	3	3.90681	
44949.8	922	0	0	3	3.90465	
45028.4	923	0	0	3	3.90595	
45035.1	924	0	0	3	3.90702	
45046.2	925	0	0	3	3.90632	
45052.1	926	0	0	3	3.90613	
45147.2	927	0	0	3	3.90292	
45267.4	928	0	0	3	3.89729	
45314.4	929	0	0	3	3.89679	
45443	930	0	0	3	3.88841	
45482.3	931	0	0	3	3.89826	
45541.4	932	0	0	3	3.90404	
45557.3	933	0	0	3	3.90424	
45570.3	934	0	0	3	3.90346	
45570.3	934	0	0	2	3.90355	
45597	936	0	0	3	3.90177	
45666.8	937	0	0	3	3.90447	
45677.7	938	0	0	3	3.90507	
45680.4	938	0	0	2	3.91002	
45688.4	940	0	0	3	3.90981	
45748.3	941	0	0	3	3.9061	
45855.9	942	0	0	3	3.90311	
45863	943	0	0	3	3.90265	
45891.2	944	0	0	3	3.90325	
45903.4	945	0	0	3	3.90683	
45906.9	945	0	0	2	3.91145	
45967.1	947	0	0	3	3.90781	
45992.2	948	0	0	3	3.9062	
46108.8	949	0	0	3	3.89866	
46145.9	950	0	0	3	3.89627	
46273	951	0	0	3	3.88831	
46308.2	952	0	0	3	3.89396	
46349.2	953	0	0	3	3.90099	
46414.4	954	0	0	3	3.89775	
46428.8	955	0	0	3	3.89817	
46484.8	956	0	0	3	3.89793	
46502.2	957	0	0	3	3.9092	
46578.1	958	0	0	3	3.90603	
46590.9	959	0	0	3	3.90523	
46602	960	0	0	3	3.90657	
46631.8	961	0	0	3	3.90486	
46823.4	962	0	0	3	3.89569	
46849.9	963	0	0	3	3.89872	
46869.8	964	0	0	3	3.89743	
47033.3	965	0	0	3	3.89694	
47057.1	966	0	0	3	3.8999	
47072.1	967	0	0	3	3.90802	
47077.6	968	0	0	3	3.91182	
47133.2	969	0	0	3	3.90881	
47165.2	970	0	0	3	3.908	
47285.2	971	0	0	3	3.90127	
47490.5	972	0	0	3	3.88869	
47592.9	973	0	0	3	3.89116	
47601.4	973	0	0	2	3.89961	
47696	975	0	0	3	3.90573	
47721.6	976	0	0	3	3.90601	
47739.8	977	0	0	3	3.90729	
47821.9	978	0	0	3	3.90321	
47838.9	979	0	0	3	3.90383	
47858.2	980	0	0	3	3.90289	
47923.6	981	0	0	3	3.89924	
48024.2	982	0	0	3	3.89447	
48042.3	983	0	0	3	3.89337	
48086.8	984	0	0	3	3.89312	
48088.1	985	0	0	3	3.89393	
48120.6	986	0	0	3	3.89196	
48156	987	0	0	3	3.89053	
48162	988	0	0	3	3.89089	
48173	989	0	0	3	3.89925	
48290.4	990	0	0	3	3.89201	
48312.6	991	0	0	3	3.89345	
48324	991	0	0	2	3.89323	
48414.6	993	0	0	3	3.88766	
48485.6	994	0	0	3	3.90236	
48567.1	995	0	0	3	3.89888	
48603.7	996	0	0	3	3.89833	
48605.6	997	0	0	3	3.89891	
48696.2	998	0	0	3	3.90255	
48751	999	0	0	3	3.90116	
48774.5	1000	0	0	3	3.9085	
48988.8	1001	0	0	3	3.89732	
49034	1002	0	0	3	3.89463	
49083.9	1003	0	0	3	3.89147	
49094.7	1004	0	0	3	3.89081	
49101.7	1005	0	0	3	3.90032	
49183.5	1006	0	0	3	3.90262	
49185.1	1006	0	0	2	3.91083	
49189.7	1006	0	0	1	3.91236	
49201.8	1007	0	0	1	3.91326	
49228	1010	0	0	3	3.91182	
49254.9	1011	0	0	3	3.91059	
49256.4	1012	0	0	3	3.91103	
49338.5	1013	0	0	3	3.90618	
49357.1	1014	0	0	3	3.9077	
49398.7	1015	0	0	3	3.90731	
49436.1	1016	0	0	3	3.90908	
49492.8	1017	0	0	3	3.90726	
49530.2	1018	0	0	3	3.90816	
49535.5	1019	0	0	3	3.91047	
49555.7	1020	0	0	3	3.91109	
49579.2	1021	0	0	3	3.91022	
49719.3	1022	0	0	3	3.90287	
49727	1023	0	0	3	3.9056	
49792.1	1024	0	0	3	3.90637	
49806.3	1024	0	0	2	3.90701	
49819.1	1026	0	0	3	3.90773	
49819.8	1026	0	0	2	3.90782	
49836.5	1028	0	0	3	3.9116	
50079.3	1029	0	0	3	3.89773	
50112.9	1030	0	0	3	3.89578	
50123.7	1031	0	0	3	3.90099	
50165.9	1032	0	0	3	3.89851	
50259.8	1033	0	0	3	3.89307	
50355.8	1034	0	0	3	3.89645	
50368.1	1035	0	0	3	3.89565	
50378.1	1036	0	0	3	3.89719	
50416.8	1037	0	0	3	3.90566	
50454.5	1038	0	0	3	3.90422	
50518.3	1039	0	0	3	3.90222	
50623.6	1040	0	0	3	3.89795	
50689.6	1041	0	0	3	3.90421	
50712.6	1042	0	0	3	3.90751	
50758.5	1043	0	0	3	3.90647	
50791	1044	0	0	3	3.90457	
50863.9	1045	0	0	3	3.90228	
50885.4	1046	0	0	3	3.90774	
50994.5	1047	0	0	3	3.90133	
51074.9	1048	0	0	3	3.90073	
51099.2	1049	0	0	3	3.89918	
51153.3	1050	0	0	3	3.89609	
51219.4	1051	0	0	3	3.90094	
51248.9	1052	0	0	3	3.89921	
51324.7	1053	0	0	3	3.89988	
51431	1054	0	0	3	3.90284	
51589.2	1055	0	0	3	3.89593	
51644.6	1056	0	0	3	3.89937	
51669.6	1057	0	0	3	3.89904	
51828.2	1058	0	0	3	3.89016	
51891.4	1059	0	0	3	3.8995	
51958.8	1060	0	0	3	3.90455	
51961.6	1061	0	0	3	3.90568	
52096.3	1062	0	0	3	3.90425	
52218.3	1063	0	0	3	3.89736	
52220.8	1064	0	0	3	3.89719	
52235	1065	0	0	3	3.90138	
52344.5	1066	0	0	3	3.90046	
52391.3	1067	0	0	3	3.89785	
52419.6	1068	0	0	3	3.89953	
52443.9	1069	0	0	3	3.89859	
52472.1	1070	0	0	3	3.89735	
52529.8	1071	0	0	3	3.89462	
52587.7	1072	0	0	3	3.90473	
52652.9	1073	0	0	3	3.90208	
52676.2	1074	0	0	3	3.90192	
52721.7	1075	0	0	3	3.9076	
52796.3	1076	0	0	3	3.90339	
52802.5	1076	0	0	2	3.90562	
52842	1078	0	0	3	3.90332	
52845.5	1078	0	0	2	3.9101	
52920.4	1080	0	0	3	3.90678	
52956.6	1081	0	0	3	3.9062	
52980.9	1082	0	0	3	3.90469	
53066.3	1083	0	0	3	3.89981	
53083.5	1084	0	0	3	3.90621	
53091.7	1085	0	0	3	3.90856	
53189.5	1086	0	0	3	3.90318	
53210	1087	0	0	3	3.90848	
53293.9	1088	0	0	3	3.9042	
53353.1	1089	0	0	3	3.90243	
53381.7	1090	0	0	3	3.90088	
53384.4	1091	0	0	3	3.9066	
53407.9	1092	0	0	3	3.90683	
53426.8	1093	0	0	3	3.91183	
53433.1	1094	0	0	3	3.9117	
53449.7	1095	0	0	3	3.91173	
53530.2	1096	0	0	3	3.90766	
53586.2	1097	0	0	3	3.90603	
53602.5	1098	0	0	3	3.90515	
53653.7	1099	0	0	3	3.90368	
53673.6	1100	0	0	3	3.90682	
53779.7	1101	0	0	3	3.90645	
53781.3	1101	0	0	2	3.9086	
53811.7	1103	0	0	3	3.90694	
53871.4	1104	0	0	3	3.9075	
53900.8	1105	0	0	3	3.9093	
53973.6	1106	0	0	3	3.90588	
54012.8	1107	0	0	3	3.90374	
54016.3	1108	0	0	3	3.90351	
54045.2	1109	0	0	3	3.90195	
54118.6	1110	0	0	3	3.90066	
54136.9	1111	0	0	3	3.90533	
54196.9	1112	0	0	3	3.90236	
54288.4	1113	0	0	3	3.90505	
54309.9	1114	0	0	3	3.90376	
54323.6	1115	0	0	3	3.90602	
54332	1116	0	0	3	3.90787	
54543.3	1117	0	0	3	3.90173	
54562.9	1117	0	0	2	3.9047	
54568	1119	0	0	3	3.90438	
54568.9	1119	0	0	2	3.90863	
54586.2	1121	0	0	3	3.90767	
54615.4	1122	0	0	3	3.9111	
54636.1	1123	0	0	3	3.91067	
54671.1	1124	0	0	3	3.90876	
54783.6	1125	0	0	3	3.90277	
54829.9	1126	0	0	3	3.90336	
54836.7	1127	0	0	3	3.90784	
54875.3	1128	0	0	3	3.90675	
54879.3	1128	0	0	2	3.90722	
54925.6	1130	0	0	3	3.91009	
54939.1	1131	0	0	3	3.91103	
54951.3	1131	0	0	2	3.91054	
54960.6	1133	0	0	3	3.90994	
54973.6	1134	0	0	3	3.91048	
54980.7	1135	0	0	3	3.91009	
55037	1136	0	0	3	3.90705	
55054.4	1137	0	0	3	3.90767	
55212.8	1138	0	0	3	3.90097	
55417.1	1139	0	0	3	3.8931	
55428.2	1140	0	0	3	3.89923	
55448.3	1141	0	0	3	3.89815	
55529.3	1142	0	0	3	3.90389	
55630.7	1143	0	0	3	3.90004	
55666.9	1144	0	0	3	3.89806	
55696	1145	0	0	3	3.9046	
55737.7	1146	0	0	3	3.90242	
55768.8	1147	0	0	3	3.90435	
55799.5	1148	0	0	3	3.90455	
55817.1	1149	0	0	3	3.9104	
55897.7	1150	0	0	3	3.90597	
55928.3	1151	0	0	3	3.90655	
55962.1	1152	0	0	3	3.90526	
55988	1153	0	0	3	3.9045	
56022.4	1154	0	0	3	3.9071	
56083	1155	0	0	3	3.90481	
56155.1	1156	0	0	3	3.90277	
56270.4	1157	0	0	3	3.89805	
56323.4	1158	0	0	3	3.89736	
56393.3	1159	0	0	3	3.89362	
56408.3	1160	0	0	3	3.89942	
56437.5	1161	0	0	3	3.90857	
56570.4	1162	0	0	3	3.90174	
56575	1163	0	0	3	3.90671	
56672.7	1164	0	0	3	3.90175	
56681.6	1165	0	0	3	3.9059	
56708.5	1166	0	0	3	3.90467	
56733.9	1167	0	0	3	3.90383	
56825.2	1168	0	0	3	3.90514	
56845.7	1169	0	0	3	3.90843	
56877.2	1170	0	0	3	3.90872	
56996.1	1171	0	0	3	3.90351	
57038	1172	0	0	3	3.90373	
57039.8	1173	0	0	3	3.90926	
57118.6	1174	0	0	3	3.90527	
57166.4	1175	0	0	3	3.90495	
57226.2	1176	0	0	3	3.90186	
57310.5	1177	0	0	3	3.89752	
57414.2	1178	0	0	3	3.89228	
57539.3	1179	0	0	3	3.89532	
57551.9	1180	0	0	3	3.89468	
57584.7	1181	0	0	3	3.90173	
57616.5	1182	0	0	3	3.90013	
57779.4	1183	0	0	3	3.90049	
57789.9	1184	0	0	3	3.90377	
57794.7	1184	0	0	2	3.90356	
57838.7	1186	0	0	3	3.90781	
57841.6	1187	0	0	3	3.90836	
57855.4	1188	0	0	3	3.9077	
58042.5	1189	0	0	3	3.89848	
58045	1189	0	0	2	3.90261	
58104.5	1191	0	0	3	3.90289	
58113.2	1192	0	0	3	3.90318	
58212.7	1193	0	0	3	3.90673	
58223.9	1194	0	0	3	3.90863	
58258.6	1195	0	0	3	3.90698	
58285.5	1196	0	0	3	3.90552	
58363.6	1197	0	0	3	3.90258	
58368	1198	0	0	3	3.90663	
58419.3	1199	0	0	3	3.90545	
58422.8	1200	0	0	3	3.90611	
58541.1	1201	0	0	3	3.9012	
58612.4	1202	0	0	3	3.89765	
58629.1	1203	0	0	3	3.90008	
58660.7	1204	0	0	3	3.89839	
58686.7	1205	0	0	3	3.9065	
58938.6	1206	0	0	3	3.89451	
59068.3	1207	0	0	3	3.8924	
59235.4	1208	0	0	3	3.88626	
59296.8	1209	0	0	3	3.88321	
59300.4	1209	0	0	2	3.89777	
59315.3	1211	0	0	3	3.89691	
59341	1212	0	0	3	3.90743	
59352.4	1213	0	0	3	3.91143	
59357.3	1214	0	0	3	3.91126	
59377.6	1215	0	0	3	3.91031	
59391.1	1216	0	0	3	3.9099	
59406	1217	0	0	3	3.90936	
59424.6	1218	0	0	3	3.90814	
59620.1	1219	0	0	3	3.9004	
59699.2	1220	0	0	3	3.90028	
59730.2	1221	0	0	3	3.90007	
59752.2	1222	0	0	3	3.89947	
59769.1	1223	0	0	3	3.89865	
59845.2	1224	0	0	3	3.90273	
59889	1225	0	0	3	3.9018	
59936.7	1226	0	0	3	3.89994	
59994.1	1227	0	0	3	3.89702	
60069	1228	0	0	3	3.89763	
60159.4	1229	0	0	3	3.90397	
60211.8	1230	0	0	3	3.90397	
60235.9	1231	0	0	3	3.90279	
60262.9	1232	0	0	3	3.90424	
60272.7	1233	0	0	3	3.90527	
60299.3	1234	0	0	3	3.90395	
60315.5	1235	0	0	3	3.90371	
60356.1	1236	0	0	3	3.902	
60364.6	1237	0	0	3	3.90152	
60478.1	1238	0	0	3	3.89688	
60493.1	1239	0	0	3	3.89793	
60505.9	1240	0	0	3	3.89752	
60529.1	1241	0	0	3	3.90658	
60596.1	1242	0	0	3	3.90336	
60608	1243	0	0	3	3.90278	
60712.8	1244	0	0	3	3.90381	
60964.5	1245	0	0	3	3.8952	
61003.7	1246	0	0	3	3.89745	
61005.4	1247	0	0	3	3.89798	
61039.6	1248	0	0	3	3.90472	
61110.1	1249	0	0	3	3.9083	
61128.4	1250	0	0	3	3.90854	
61202.7	1251	0	0	3	3.90698	
61208.1	1252	0	0	3	3.90997	
61218.1	1253	0	0	3	3.90956	
61244.6	1254	0	0	3	3.90845	
61260.9	1255	0	0	3	3.90987	
61352.1	1256	0	0	3	3.9062	
61395.5	1257	0	0	3	3.9041	
61409.1	1258	0	0	3	3.90564	
61466.3	1259	0	0	3	3.90557	
61485.3	1260	0	0	3	3.90579	
61509.1	1261	0	0	3	3.9049	
61528.9	1262	0	0	3	3.90387	
61589.6	1263	0	0	3	3.90738	
61592.1	1264	0	0	3	3.90723	
61626.8	1265	0	0	3	3.90712	
61633.3	1266	0	0	3	3.9068	
61679.8	1267	0	0	3	3.90823	
61749.8	1268	0	0	3	3.90736	
61762.1	1269	0	0	3	3.90789	
61831	1270	0	0	3	3.90734	
61831.2	1270	0	0	2	3.90818	
61971.4	1272	0	0	3	3.90158	
61979.3	1273	0	0	3	3.90663	
61987.6	1274	0	0	3	3.90852	
62106.7	1275	0	0	3	3.90292	
62167.1	1276	0	0	3	3.90583	
62178.7	1277	0	0	3	3.9083	
62217.3	1278	0	0	3	3.90982	
62337.5	1279	0	0	3	3.90595	
62357.9	1280	0	0	3	3.90743	
62360.6	1280	0	0	2	3.9095	
62403	1282	0	0	3	3.91054	
62434.6	1283	0	0	3	3.90961	
62474.7	1284	0	0	3	3.90819	
62500.2	1285	0	0	3	3.90862	
62546.6	1286	0	0	3	3.90684	
62601.2	1287	0	0	3	3.90427	
62623.9	1288	0	0	3	3.90738	
62681.6	1289	0	0	3	3.9066	
62725.5	1290	0	0	3	3.90455	
62730.6	1291	0	0	3	3.90594	
62774.2	1292	0	0	3	3.90398	
62906.1	1293	0	0	3	3.89852	
62980.5	1294	0	0	3	3.89991	
62985.7	1295	0	0	3	3.90289	
63021.9	1296	0	0	3	3.90122	
63049.1	1297	0	0	3	3.90927	
63091.5	1298	0	0	3	3.90955	
63188.4	1299	0	0	3	3.90615	
63203.6	1300	0	0	3	3.90765	
63270.5	1301	0	0	3	3.90453	
63273.6	1301	0	0	2	3.90565	
63345.1	1303	0	0	3	3.90236	
63418.8	1304	0	0	3	3.89995	
63448.5	1305	0	0	3	3.89855	
63457.4	1306	0	0	3	3.90373	
63516.4	1307	0	0	3	3.90272	
63539.9	1308	0	0	3	3.91007	
63579.5	1309	0	0	3	3.90947	
63600.1	1310	0	0	3	3.9091	
63783.5	1311	0	0	3	3.90305	
63793.2	1312	0	0	3	3.90668	
63878.4	1313	0	0	3	3.90561	
63938.8	1314	0	0	3	3.9043	
63965.8	1315	0	0	3	3.90507	
63987.8	1316	0	0	3	3.90446	
64088.6	1317	0	0	3	3.89991	
64150.5	1318	0	0	3	3.897	
64207.5	1319	0	0	3	3.90331	
64242.1	1320	0	0	3	3.90158	
64267.2	1321	0	0	3	3.90426	
64369	1322	0	0	3	3.90148	
64382.7	1323	0	0	3	3.90279	
64388.7	1324	0	0	3	3.91033	
64392.5	1324	0	0	2	3.91025	
64437.4	1326	0	0	3	3.9082	
64456.9	1327	0	0	3	3.90724	
64457.7	1327	0	0	2	3.9082	
64551.9	1329	0	0	3	3.9039	
64582.4	1330	0	0	3	3.90534	
64618.1	1331	0	0	3	3.90348	
64687.1	1332	0	0	3	3.90139	
64787	1333	0	0	3	3.90338	
64787.2	1333	0	0	2	3.90836	
64796.1	1335	0	0	3	3.90943	
64821.9	1336	0	0	3	3.90817	
64853.5	1337	0	0	3	3.90666	
64968.8	1338	0	0	3	3.9014	
65063.1	1339	0	0	3	3.90258	
65072.9	1339	0	0	2	3.90631	
65112.1	1341	0	0	3	3.90436	
65138.6	1342	0	0	3	3.90537	
65177.1	1343	0	0	3	3.90348	
65185	1344	0	0	3	3.90471	
65260.3	1345	0	0	3	3.90744	
65266.5	1346	0	0	3	3.90937	
65320	1347	0	0	3	3.90828	
65415.1	1348	0	0	3	3.90488	
65431.9	1349	0	0	3	3.90637	
65440.8	1349	0	0	2	3.90974	
65457.5	1351	0	0	3	3.90937	
65457.6	1351	0	0	2	3.9096	
65553.5	1353	0	0	3	3.90736	
65559.3	1354	0	0	3	3.90849	
65581.8	1355	0	0	3	3.90922	
65742.7	1356	0	0	3	3.9021	
65753.6	1357	0	0	3	3.90579	
65839.5	1358	0	0	3	3.90503	
65854.2	1359	0	0	3	3.90573	
65866.3	1360	0	0	3	3.90966	
65926.4	1361	0	0	3	3.90715	
65950.5	1362	0	0	3	3.9087	
65967.6	1363	0	0	3	3.90822	
65983.2	1364	0	0	3	3.90736	
65984	1364	0	0	2	3.90906	
65990.6	1366	0	0	3	3.90925	
66010.3	1367	0	0	3	3.90848	
66105	1368	0	0	3	3.90429	
66167.6	1369	0	0	3	3.90553	
66188.6	1370	0	0	3	3.90732	
66254.5	1371	0	0	3	3.90545	
66319	1372	0	0	3	3.90356	
66328.3	1373	0	0	3	3.9081	
66329.9	1373	0	0	2	3.90902	
66418.9	1375	0	0	3	3.90509	
66421.8	1376	0	0	3	3.90647	
66472.8	1377	0	0	3	3.90559	
66505.9	1378	0	0	3	3.90495	
66524.2	1379	0	0	3	3.90921	
66613.2	1380	0	0	3	3.90532	
66660.2	1381	0	0	3	3.90481	
66691.8	1382	0	0	3	3.9034	
66711.9	1383	0	0	3	3.90649	
66735.4	1384	0	0	3	3.90904	
66737.9	1385	0	0	3	3.90948	
66740.5	1386	0	0	3	3.9094	
66761	1387	0	0	3	3.90854	
66805	1388	0	0	3	3.90878	
66838.1	1389	0	0	3	3.90797	
66880.3	1390	0	0	3	3.90754	
67022.6	1391	0	0	3	3.90246	
67037.9	1392	0	0	3	3.90179	
67085.1	1393	0	0	3	3.90459	
67165.5	1394	0	0	3	3.90175	
67176.3	1395	0	0	3	3.90246	
67229.9	1396	0	0	3	3.90517	
67310.2	1397	0	0	3	3.90248	
67351.8	1398	0	0	3	3.90064	
67409.5	1399	0	0	3	3.90089	
67447.6	1400	0	0	3	3.89911	
67473.6	1401	0	0	3	3.90634	
67664.8	1402	0	0	3	3.8982	
67682.2	1403	0	0	3	3.90028	
67702	1404	0	0	3	3.90587	
67796.1	1405	0	0	3	3.90206	
67858.7	1406	0	0	3	3.90126	
67943.9	1407	0	0	3	3.90503	
68039.8	1408	0	0	3	3.9031	
68198	1409	0	0	3	3.9013	
68234.8	1410	0	0	3	3.90189	
68404.8	1411	0	0	3	3.90017	
68442.7	1412	0	0	3	3.90104	
68456.6	1413	0	0	3	3.90095	
68470.6	1414	0	0	3	3.90776	
68507	1415	0	0	3	3.90614	
68546.1	1416	0	0	3	3.90521	
68579.2	1417	0	0	3	3.90437	
68585.9	1417	0	0	2	3.90608	
68653.5	1419	0	0	3	3.90885	
68664.3	1420	0	0	3	3.90993	
68673	1420	0	0	2	3.90968	
68699.5	1422	0	0	3	3.90854	
68730.8	1423	0	0	3	3.90743	
68799.6	1424	0	0	3	3.90431	
68808.1	1425	0	0	3	3.90705	
68818.1	1426	0	0	3	3.90983	
68866.7	1427	0	0	3	3.90943	
68941.6	1428	0	0	3	3.90702	
69053.7	1429	0	0	3	3.90223	
69065.1	1430	0	0	3	3.90437	
69100	1431	0	0	3	3.90619	
69115.3	1432	0	0	3	3.90597	
69151.8	1433	0	0	3	3.90529	
69155.4	1433	0	0	2	3.91017	
69345.5	1435	0	0	3	3.90214	
69482.5	1436	0	0	3	3.89908	
69516.2	1437	0	0	3	3.89747	
69553	1438	0	0	3	3.90169	
69581.7	1439	0	0	3	3.90339	
69622.1	1440	0	0	3	3.90853	
69719.6	1441	0	0	3	3.90595	
69732.7	1442	0	0	3	3.90728	
69876.2	1443	0	0	3	3.90386	
69924.5	1444	0	0	3	3.90379	
70024.7	1445	0	0	3	3.90393	
70056	1446	0	0	3	3.90698	
70087.8	1447	0	0	3	3.90555	
70090.4	1448	0	0	3	3.90543	
70124.6	1449	0	0	3	3.90398	
70127	1450	0	0	3	3.90733	
70171.3	1451	0	0	3	3.90548	
70214.4	1452	0	0	3	3.90569	
70265.7	1453	0	0	3	3.90352	
70404.4	1454	0	0	3	3.89778	
70414.2	1455	0	0	3	3.90391	
70435.8	1456	0	0	3	3.90293	
70436.1	1456	0	0	2	3.90732	
70479.5	1458	0	0	3	3.90552	
70481.8	1459	0	0	3	3.90542	
70709.8	1460	0	0	3	3.89714	
70746.8	1461	0	0	3	3.89945	
70776.6	1462	0	0	3	3.90633	
70803.8	1463	0	0	3	3.90517	
70822.6	1464	0	0	3	3.90432	
70869.9	1465	0	0	3	3.90702	
70900	1466	0	0	3	3.9063	
70928.5	1467	0	0	3	3.90553	
70937.8	1468	0	0	3	3.90511	
71040.7	1469	0	0	3	3.90136	
71108.5	1470	0	0	3	3.90262	
71125.9	1471	0	0	3	3.90173	
71162.6	1472	0	0	3	3.90137	
71188.7	1473	0	0	3	3.90662	
71189.4	1473	0	0	2	3.9101	
71243.8	1475	0	0	3	3.90787	
71265.6	1476	0	0	3	3.90694	
71278.7	1477	0	0	3	3.90772	
71292.5	1478	0	0	3	3.90928	
71300	1479	0	0	3	3.91031	
71328.4	1480	0	0	3	3.90959	
71368.2	1481	0	0	3	3.90797	
71396.2	1482	0	0	3	3.90777	
71416.7	1483	0	0	3	3.9073	
71475.4	1484	0	0	3	3.90683	
71491.1	1484	0	0	2	3.90699	
71627.7	1486	0	0	3	3.90142	
71631.9	1487	0	0	3	3.90314	
71652.4	1488	0	0	3	3.9055	
71668.5	1489	0	0	3	3.90479	
71769.9	1490	0	0	3	3.90125	
71780.4	1491	0	0	3	3.90082	
71786.1	1492	0	0	3	3.90255	
71806.8	1493	0	0	3	3.90333	
71815.8	1494	0	0	3	3.90295	
71858.1	1495	0	0	3	3.90109	
71879.4	1496	0	0	3	3.90123	
71937	1497	0	0	3	3.90703	
71953.1	1498	0	0	3	3.90852	
71974.8	1499	0	0	3	3.9076	
71995.8	1500	0	0	3	3.90828	
72017.4	1501	0	0	3	3.90893	
72025.3	1502	0	0	3	3.90891	
72042.1	1503	0	0	3	3.90818	
72053.4	1504	0	0	3	3.90769	
72175	1505	0	0	3	3.90279	
72290.2	1506	0	0	3	3.9003	
72302.2	1507	0	0	3	3.90407	
72340.9	1508	0	0	3	3.90246	
72365.3	1509	0	0	3	3.90213	
72370.4	1509	0	0	2	3.9022	
72378	1510	0	0	2	3.90787	
72438.2	1512	0	0	3	3.90825	
72505.7	1513	0	0	3	3.90639	
72516.6	1514	0	0	3	3.90593	
72555.3	1515	0	0	3	3.90438	
72562	1516	0	0	3	3.90638	
72604.7	1517	0	0	3	3.90708	
72618.3	1518	0	0	3	3.90874	
72620.6	1518	0	0	2	3.90941	
72695	1520	0	0	3	3.90636	
72695.5	1520	0	0	2	3.90728	
72738.6	1522	0	0	3	3.90545	
72782.4	1523	0	0	3	3.90553	
72823.6	1524	0	0	3	3.90497	
72854	1525	0	0	3	3.90417	
72854.8	1525	0	0	2	3.90454	
72988.4	1527	0	0	3	3.89911	
73023.7	1528	0	0	3	3.8995	
73040.2	1529	0	0	3	3.90259	
73060.7	1530	0	0	3	3.9084	
73171.6	1531	0	0	3	3.90425	
73183.3	1532	0	0	3	3.90607	
73184.2	1532	0	0	2	3.90815	
73232.9	1534	0	0	3	3.90782	
73264.5	1535	0	0	3	3.9074	
73277.2	1536	0	0	3	3.90689	
73378.9	1537	0	0	3	3.90337	
73392.8	1538	0	0	3	3.90545	
73416.7	1539	0	0	3	3.90463	
73417.2	1539	0	0	2	3.90764	
73543.4	1541	0	0	3	3.90265	
73560.5	1542	0	0	3	3.90365	
73643.2	1543	0	0	3	3.90261	
73792.1	1544	0	0	3	3.90161	
73861.9	1545	0	0	3	3.89887	
73890.6	1546	0	0	3	3.90062	
74008.9	1547	0	0	3	3.90068	
74010.6	1547	0	0	2	3.90255	
74038.4	1549	0	0	3	3.90306	
74119.5	1550	0	0	3	3.90026	
74125.4	1551	0	0	3	3.90003	
74143.2	1552	0	0	3	3.90085	
74215.5	1553	0	0	3	3.90585	
74218.8	1553	0	0	2	3.90808	
74242.9	1555	0	0	3	3.90811	
74307.4	1556	0	0	3	3.9058	
74381.1	1557	0	0	3	3.9038	
74428.1	1558	0	0	3	3.90295	
74535.1	1559	0	0	3	3.89857	
74611.3	1560	0	0	3	3.8995	
74633.1	1561	0	0	3	3.89863	
74671.9	1562	0	0	3	3.90388	
74677.5	1563	0	0	3	3.90744	
74694.3	1564	0	0	3	3.9067	
74859.2	1565	0	0	3	3.90059	
74906.5	1566	0	0	3	3.9009	
74999.7	1567	0	0	3	3.89716	
75001.9	1568	0	0	3	3.89706	
75043.6	1569	0	0	3	3.90006	
75167.9	1570	0	0	3	3.89525	
75177	1571	0	0	3	3.90324	
75181.2	1571	0	0	2	3.90728	
75201.1	1573	0	0	3	3.90863	
75299.6	1574	0	0	3	3.90509	
75308.9	1575	0	0	3	3.90589	
75377.2	1576	0	0	3	3.90509	
75400.5	1577	0	0	3	3.90419	
75415.3	1578	0	0	3	3.90466	
75475.2	1579	0	0	3	3.90523	
75562.3	1580	0	0	3	3.90184	
75774.7	1581	0	0	3	3.89709	
75847.8	1582	0	0	3	3.89706	
76044.8	1583	0	0	3	3.89514	
76098.4	1584	0	0	3	3.90156	
76144.1	1585	0	0	3	3.90305	
76378.4	1586	0	0	3	3.89896	
76465.7	1587	0	0	3	3.89564	
76496.8	1588	0	0	3	3.89862	
76510.4	1589	0	0	3	3.89832	
76517.7	1590	0	0	3	3.898	
76526.6	1591	0	0	3	3.90376	
76560.9	1592	0	0	3	3.90804	
76561.1	1592	0	0	2	3.90878	
76592.2	1594	0	0	3	3.90747	
76593	1594	0	0	2	3.90802	
76594.6	1594	0	0	1	3.90892	
76651	1597	0	0	3	3.90675	
76698.6	1598	0	0	3	3.90494	
76788.6	1599	0	0	3	3.90289	
76925.1	1600	0	0	3	3.9004	
76945.5	1601	0	0	3	3.90387	
76993	1602	0	0	3	3.90528	
77038.4	1603	0	0	3	3.90346	
77064.6	1604	0	0	3	3.90565	
77174.1	1605	0	0	3	3.90305	
77201.9	1606	0	0	3	3.90367	
77213.4	1607	0	0	3	3.90351	
77291.6	1608	0	0	3	3.90431	
77331.4	1609	0	0	3	3.9038	
77376.1	1610	0	0	3	3.90262	
77487.1	1611	0	0	3	3.90238	
77519.8	1612	0	0	3	3.90481	
77590.1	1613	0	0	3	3.90397	
77626.2	1614	0	0	3	3.90391	
77634.1	1615	0	0	3	3.90498	
77641.2	1616	0	0	3	3.90861	
77643.1	1616	0	0	2	3.90917	
77653	1618	0	0	3	3.90875	
77661.2	1619	0	0	3	3.90874	
77674.2	1620	0	0	3	3.90855	
77708.4	1621	0	0	3	3.90763	
77754.1	1622	0	0	3	3.90626	
77789.8	1623	0	0	3	3.90611	
77834.3	1624	0	0	3	3.90616	
77868.1	1625	0	0	3	3.90651	
77918.2	1626	0	0	3	3.90461	
77938.5	1627	0	0	3	3.90485	
77993.8	1628	0	0	3	3.90272	
78022.7	1629	0	0	3	3.90259	
78078.1	1630	0	0	3	3.90052	
78083.8	1631	0	0	3	3.90399	
78120.6	1632	0	0	3	3.90264	
78123.3	1632	0	0	2	3.90294	
78155.3	1634	0	0	3	3.90173	
78198.5	1635	0	0	3	3.90512	
78213.7	1636	0	0	3	3.9045	
78317.7	1637	0	0	3	3.90137	
78335.6	1638	0	0	3	3.90478	
78363.3	1639	0	0	3	3.90529	
78423.9	1640	0	0	3	3.90359	
78440.7	1641	0	0	3	3.90678	
78489.2	1642	0	0	3	3.90593	
78596.8	1643	0	0	3	3.90244	
78634.5	1644	0	0	3	3.90093	
78647.8	1645	0	0	3	3.90218	
78717.3	1646	0	0	3	3.89974	
78754.6	1647	0	0	3	3.89825	
78843.8	1648	0	0	3	3.89495	
78880.1	1649	0	0	3	3.89991	
78976.6	1650	0	0	3	3.89622	
79090.5	1651	0	0	3	3.89197	
79159.6	1652	0	0	3	3.89256	
79185.6	1653	0	0	3	3.89806	
79203.2	1654	0	0	3	3.90699	
79231.1	1655	0	0	3	3.90618	
79245.2	1656	0	0	3	3.90734	
79260.9	1657	0	0	3	3.90662	
79471	1658	0	0	3	3.89892	
79613.6	1659	0	0	3	3.89762	
79667.6	1660	0	0	3	3.89743	
79697	1661	0	0	3	3.90177	
79723	1662	0	0	3	3.90176	
79743	1663	0	0	3	3.90167	
79788.2	1664	0	0	3	3.9002	
79865.5	1665	0	0	3	3.8973	
79890.8	1666	0	0	3	3.89627	
79987.9	1667	0	0	3	3.90124	
80024.4	1668	0	0	3	3.90292	
80056.5	1669	0	0	3	3.90579	
80060.2	1670	0	0	3	3.90651	
80184.1	1671	0	0	3	3.90194	
80194.3	1672	0	0	3	3.90315	
80288.4	1673	0	0	3	3.89968	
80346.8	1674	0	0	3	3.90242	
80443.7	1675	0	0	3	3.89962	
80474.1	1676	0	0	3	3.89852	
80533.7	1677	0	0	3	3.89995	
80544.7	1678	0	0	3	3.89954	
80649.4	1679	0	0	3	3.90217	
80703.3	1680	0	0	3	3.90013	
80745.9	1681	0	0	3	3.89848	
80770.2	1682	0	0	3	3.90252	
80800	1683	0	0	3	3.90144	
80814.2	1684	0	0	3	3.90494	
80815.9	1684	0	0	2	3.90569	
80881.4	1686	0	0	3	3.90333	
80892.3	1687	0	0	3	3.90289	
80940.9	1688	0	0	3	3.9054	
80992.2	1689	0	0	3	3.90414	
80993.6	1690	0	0	3	3.90457	
81073.9	1691	0	0	3	3.90385	
81100.3	1692	0	0	3	3.90386	
81136.3	1693	0	0	3	3.9039	
81230.6	1694	0	0	3	3.90049	
81311	1695	0	0	3	3.89909	
81350.1	1696	0	0	3	3.89767	
81403.7	1697	0	0	3	3.89719	
81411.8	1698	0	0	3	3.89683	
81587	1699	0	0	3	3.89807	
81593.9	1699	0	0	2	3.90062	
81622.6	1701	0	0	3	3.89954	
81652.2	1702	0	0	3	3.89845	
81696.1	1703	0	0	3	3.8976	
81728.3	1704	0	0	3	3.89699	
81781.9	1705	0	0	3	3.89883	
81788.4	1705	0	0	2	3.9072	
81816.7	1707	0	0	3	3.90616	
81823.6	1708	0	0	3	3.90586	
81852.2	1709	0	0	3	3.90633	
81874.7	1710	0	0	3	3.90586	
81875.3	1710	0	0	2	3.90761	
81893.9	1712	0	0	3	3.90719	
81907.3	1713	0	0	3	3.90693	
81930.7	1714	0	0	3	3.90753	
81992.2	1715	0	0	3	3.90525	
82033.8	1716	0	0	3	3.90478	
82035.3	1717	0	0	3	3.90647	
82067.7	1718	0	0	3	3.90533	
82073.5	1719	0	0	3	3.90713	
82099.2	1720	0	0	3	3.90625	
82105.2	1720	0	0	2	3.90621	
82119.6	1722	0	0	3	3.90561	
82168.8	1723	0	0	3	3.90384	
82189.8	1724	0	0	3	3.90377	
82239.9	1725	0	0	3	3.90193	
82410.1	1726	0	0	3	3.89584	
82422.5	1727	0	0	3	3.89832	
82490.6	1728	0	0	3	3.89592	
82707.1	1729	0	0	3	3.89383	
82749.7	1730	0	0	3	3.90096	
82776.3	1731	0	0	3	3.90313	
82881.2	1732	0	0	3	3.90027	
82918.7	1733	0	0	3	3.90461	
83000	1734	0	0	3	3.90173	
83066	1735	0	0	3	3.90205	
83129.2	1736	0	0	3	3.90363	
83130.3	1736	0	0	2	3.90655	
83274.9	1738	0	0	3	3.90223	
83293.4	1739	0	0	3	3.90328	
83431.1	1740	0	0	3	3.89848	
83550.1	1741	0	0	3	3.89621	
83642.2	1742	0	0	3	3.89444	
83666.8	1743	0	0	3	3.89466	
83790.1	1744	0	0	3	3.89034	
83813.8	1745	0	0	3	3.89738	
83835.6	1746	0	0	3	3.89689	
83840	1747	0	0	3	3.90659	
83891.8	1748	0	0	3	3.90476	
83927.9	1749	0	0	3	3.90648	
83943	1750	0	0	3	3.90628	
83951.2	1750	0	0	2	3.90728	
83972.4	1752	0	0	3	3.90812	
84068.9	1753	0	0	3	3.90491	
84121	1754	0	0	3	3.90475	
84190.7	1755	0	0	3	3.90232	
84225.9	1756	0	0	3	3.90251	
84329.3	1757	0	0	3	3.90189	
84344.2	1758	0	0	3	3.90246	
84485.7	1759	0	0	3	3.90214	
84528.9	1760	0	0	3	3.90406	
84600.9	1761	0	0	3	3.90376	
84736.6	1762	0	0	3	3.89909	
84846.2	1763	0	0	3	3.89532	
84856.5	1764	0	0	3	3.90106	
84883.6	1765	0	0	3	3.90399	
84961.8	1766	0	0	3	3.90581	
85001.7	1767	0	0	3	3.90576	
85006.1	1768	0	0	3	3.90699	
85044.7	1769	0	0	3	3.90728	
85154.8	1770	0	0	3	3.90346	
85230.1	1771	0	0	3	3.90306	
85232.4	1772	0	0	3	3.90555	
85345.5	1773	0	0	3	3.90258	
85424.8	1774	0	0	3	3.90389	
85445.7	1775	0	0	3	3.9041	
85482.9	1776	0	0	3	3.9053	
85483.1	1776	0	0	2	3.90596	
85610.4	1778	0	0	3	3.90147	
85621.2	1779	0	0	3	3.90554	
85660.9	1780	0	0	3	3.90433	
85678.9	1781	0	0	3	3.90416	
85706.2	1782	0	0	3	3.90587	
85738.2	1783	0	0	3	3.90531	
85745.8	1784	0	0	3	3.90506	
85756.6	1785	0	0	3	3.90759	
85780.8	1786	0	0	3	3.90721	
85791	1787	0	0	3	3.90682	
85893.5	1788	0	0	3	3.90325	
86054.7	1789	0	0	3	3.89947	
86069.1	1790	0	0	3	3.90242	
86081	1791	0	0	3	3.90215	
86211.6	1792	0	0	3	3.89772	
86235.9	1793	0	0	3	3.90045	
86304.4	1794	0	0	3	3.90457	
86382	1795	0	0	3	3.90465	
86382.5	1796	0	0	3	3.90463	
