221.612	50	48	0.96	2	0	
223.498	50	48	0.96	1	0.891766	
253.853	58	55	0.948276	2	0.785131	
334.542	88	85	0.965909	1	1.52917	
350.078	93	89	0.956989	2	1.46131	
363.677	100	96	0.96	1	1.48284	
461.827	110	105	0.954545	1	1.67647	
486.941	114	108	0.947368	1	1.63752	
514.716	124	117	0.943548	1	1.59802	
644.367	166	158	0.951807	1	1.71056	
718.928	181	172	0.950276	2	1.53316	
719.825	181	172	0.950276	2	1.53125	
818.835	218	209	0.958716	1	1.54932	
819.788	218	209	0.958716	0	1.917	
848.856	227	216	0.951542	2	1.85136	
875.507	229	218	0.951965	1	1.85426	
908.197	234	222	0.948718	1	1.82281	
959.824	241	228	0.946058	1	1.76736	
986.453	243	229	0.942387	1	1.88384	
1021.26	248	233	0.939516	1	1.86876	
1085.45	255	239	0.937255	1	1.81402	
1221.65	271	254	0.937269	2	1.61179	
1304.39	282	265	0.939716	2	1.50954	
1445.5	297	280	0.942761	2	1.36219	
1452.74	298	281	0.942953	2	1.35539	
1519.26	303	286	0.943894	2	1.29605	
1674.78	315	298	0.946032	1	1.58288	
1721.62	335	317	0.946269	2	1.53983	
1829.2	365	347	0.950685	2	1.44927	
1861.67	377	359	0.952255	2	1.42399	
1893.86	387	369	0.953488	1	1.82475	
1900.87	389	370	0.951157	2	1.81802	
1962.77	407	388	0.953317	1	1.90506	
1990.77	414	394	0.951691	2	1.87826	
2078.18	443	423	0.954853	1	1.85426	
2139.78	457	436	0.954048	2	1.80088	
2245.69	492	471	0.957317	2	1.71594	
2298.83	507	486	0.95858	2	1.67628	
2338.46	516	495	0.959302	2	1.64787	
2387.4	537	516	0.960894	1	1.74333	
2506.68	565	543	0.961062	2	1.66038	
2537.18	575	553	0.961739	1	1.69901	
2554.19	583	560	0.960549	1	1.94557	
2558.87	584	560	0.958904	2	1.94202	
2702.98	625	601	0.9616	1	1.8993	
2703.42	625	601	0.9616	0	1.95323	
2745.22	638	612	0.959248	1	1.93555	
2781.08	644	617	0.958075	1	1.93838	
2870.86	673	645	0.958395	1	1.90788	
2976.47	712	683	0.95927	1	1.91505	
3039	720	690	0.958333	2	1.87565	
3088.36	732	702	0.959016	1	1.91354	
3106.4	739	708	0.958051	1	1.94054	
3158.04	744	712	0.956989	2	1.90881	
3233.64	755	723	0.957616	2	1.86418	
3237.76	755	723	0.957616	2	1.86181	
3245.04	756	724	0.957672	2	1.85764	
3278.01	763	731	0.95806	2	1.83895	
3291.64	765	733	0.95817	1	1.88758	
3345.61	769	736	0.957087	2	1.85713	
3354.51	770	737	0.957143	1	1.86949	
3388.45	773	739	0.956016	1	1.93896	
3410.61	777	742	0.954955	1	1.94119	
3484.9	806	770	0.955335	1	1.92083	
3503.19	811	774	0.954377	2	1.9108	
3513.02	813	776	0.95449	2	1.90546	
3528.8	818	781	0.954768	1	1.93617	
3663.11	860	822	0.955814	2	1.86518	
3672.25	860	822	0.955814	2	1.86054	
3704.58	867	829	0.956171	2	1.8443	
3780.24	894	856	0.957494	1	1.87387	
3801.93	904	865	0.956858	1	1.94591	
3867.64	926	886	0.956803	1	1.93475	
3913.26	942	901	0.956476	1	1.92345	
4054.61	986	944	0.957404	2	1.8564	
4091.44	995	953	0.957789	2	1.83969	
4162.6	1022	980	0.958904	2	1.80824	
4173.4	1027	985	0.959104	2	1.80355	
4186.07	1030	988	0.959223	1	1.86319	
4226.15	1039	996	0.958614	2	1.84552	
4247.44	1040	997	0.958654	2	1.83627	
4260.29	1042	999	0.958733	2	1.83073	
4274.4	1047	1004	0.95893	2	1.82469	
4276.71	1050	1007	0.959048	2	1.8237	
4303.96	1051	1008	0.959087	1	1.9281	
4333.48	1056	1012	0.958333	2	1.91497	
4355.24	1059	1015	0.958451	1	1.91712	
4382.53	1063	1018	0.957667	1	1.91134	
4429.63	1078	1032	0.957328	1	1.94555	
4474.07	1090	1043	0.956881	2	1.92622	
4601.9	1136	1089	0.958627	1	1.90982	
4611.53	1139	1091	0.957858	2	1.90583	
4627.13	1142	1094	0.957968	1	1.90482	
4739.25	1181	1132	0.95851	1	1.88326	
4764.44	1191	1141	0.958018	1	1.95254	
4772.99	1196	1145	0.957358	2	1.94904	
4784.11	1196	1145	0.957358	1	1.95375	
4802.58	1201	1149	0.956703	1	1.95392	
4854.39	1206	1153	0.956053	1	1.94372	
4980	1219	1165	0.955701	2	1.8947	
5047.19	1227	1173	0.95599	1	1.92137	
5228.71	1287	1232	0.957265	1	1.92274	
5242.97	1290	1234	0.956589	2	1.91751	
5405.11	1345	1289	0.958364	2	1.85999	
5421.48	1351	1295	0.958549	2	1.85437	
5434.65	1354	1298	0.958641	2	1.84988	
5499.1	1375	1319	0.959273	1	1.87706	
5541.37	1387	1330	0.958904	1	1.95112	
5549.87	1389	1331	0.958243	1	1.95681	
5679.55	1399	1340	0.957827	1	1.93643	
5707.38	1403	1343	0.957234	1	1.93176	
5719.75	1403	1343	0.957234	0	1.95643	
5828.12	1424	1362	0.956461	2	1.92005	
5870.68	1430	1368	0.956643	1	1.93121	
5923.1	1448	1385	0.956492	1	1.92208	
5953.79	1452	1388	0.955923	2	1.91217	
5981.2	1458	1394	0.956104	1	1.94608	
5992.76	1460	1395	0.955479	2	1.94232	
6012.3	1463	1398	0.955571	2	1.93601	
6012.55	1463	1398	0.955571	2	1.93593	
6015.36	1463	1398	0.955571	2	1.93503	
6021.03	1463	1398	0.955571	1	1.94829	
6115.14	1495	1429	0.955853	2	1.91831	
6130.86	1500	1434	0.956	2	1.91339	
6229.66	1525	1459	0.956721	1	1.92244	
6316.57	1555	1488	0.956913	1	1.90961	
6343.73	1557	1489	0.956326	2	1.90143	
6456.9	1572	1504	0.956743	1	1.88957	
6606.74	1587	1518	0.956522	1	1.86871	
6619.21	1588	1518	0.955919	2	1.86519	
6625.25	1590	1520	0.955975	2	1.86349	
6643.16	1594	1524	0.956085	1	1.95203	
6711.63	1606	1535	0.955791	2	1.93211	
6717.04	1607	1536	0.955818	2	1.93055	
6740.47	1611	1540	0.955928	1	1.94344	
6754.94	1613	1541	0.955363	2	1.93928	
6895.56	1629	1557	0.955801	2	1.89973	
6907.99	1632	1560	0.955882	1	1.92035	
6935.36	1638	1565	0.955433	1	1.95467	
6955.21	1646	1572	0.955043	1	1.95576	
7018.81	1662	1587	0.954874	2	1.93804	
7104.4	1685	1610	0.95549	2	1.91469	
7146.4	1691	1616	0.955648	2	1.90343	
7153.99	1691	1616	0.955648	1	1.92745	
7155.65	1692	1616	0.955083	2	1.927	
7254.03	1719	1643	0.955788	1	1.94439	
7342.76	1744	1667	0.955849	2	1.9209	
7349.26	1747	1670	0.955924	2	1.9192	
7406.09	1762	1685	0.9563	1	1.92438	
7460.51	1786	1708	0.956327	2	1.91034	
7472.25	1793	1715	0.956497	1	1.91615	
7555.43	1825	1746	0.956712	1	1.90575	
7630.48	1850	1770	0.956757	2	1.88701	
7667.13	1859	1779	0.956966	1	1.9448	
7765.99	1871	1790	0.956708	1	1.94627	
7770.22	1872	1790	0.956197	1	1.94553	
7790.33	1874	1791	0.95571	1	1.94243	
7806.19	1879	1795	0.955295	2	1.93848	
7859.36	1901	1817	0.955813	2	1.92537	
7883.29	1904	1820	0.955882	1	1.93087	
7895.15	1904	1820	0.955882	0	1.95666	
7959.67	1915	1829	0.955091	2	1.9408	
8060.95	1921	1835	0.955232	1	1.93628	
8073.1	1924	1837	0.954782	1	1.93482	
8118.19	1934	1846	0.954498	2	1.92407	
8192.43	1943	1855	0.954709	2	1.90663	
8197.8	1943	1855	0.954709	2	1.90538	
8263.31	1950	1862	0.954872	2	1.89028	
8307.67	1960	1872	0.955102	2	1.88019	
8401	1976	1888	0.955466	1	1.91863	
8452.41	1984	1895	0.955141	2	1.90696	
8469.53	1988	1899	0.955231	1	1.94967	
8494.29	1992	1902	0.954819	1	1.94688	
8525.73	1994	1903	0.954363	1	1.9542	
8558.42	1996	1904	0.953908	2	1.94674	
8614.35	2000	1908	0.954	1	1.94433	
8631.97	2001	1908	0.953523	1	1.95615	
8697.1	2018	1924	0.953419	2	1.94151	
8752.08	2025	1931	0.95358	1	1.94292	
8813.94	2032	1937	0.953248	1	1.95193	
8879.2	2037	1941	0.952872	1	1.94466	
8993.5	2049	1952	0.95266	2	1.91995	
9054.74	2053	1956	0.952752	1	1.9259	
9081.8	2057	1959	0.952358	1	1.95632	
9141.18	2063	1964	0.952012	1	1.95285	
9232.91	2088	1988	0.952107	2	1.93345	
9236.21	2088	1988	0.952107	2	1.93276	
9390.36	2134	2034	0.95314	1	1.92745	
9423.99	2140	2039	0.952804	2	1.92057	
9444.23	2143	2042	0.95287	2	1.91645	
9469.08	2150	2049	0.953023	1	1.95213	
9628.4	2199	2097	0.953615	1	1.93614	
9633.61	2201	2098	0.953203	2	1.93509	
9644.39	2203	2100	0.953246	1	1.93432	
9666.69	2207	2103	0.952877	2	1.92986	
9670.91	2209	2105	0.95292	1	1.95701	
9716.32	2219	2114	0.952681	2	1.94786	
9716.97	2219	2114	0.952681	2	1.94773	
9774.52	2236	2131	0.953041	1	1.94666	
9837.33	2265	2159	0.953201	2	1.93423	
9905.85	2280	2174	0.953509	1	1.9469	
9913.66	2281	2174	0.953091	1	1.95933	
10064.4	2317	2209	0.953388	1	1.94535	
10120.7	2335	2226	0.953319	1	1.95477	
10173.7	2348	2238	0.953152	1	1.94936	
10185	2351	2240	0.952786	1	1.94826	
10236.9	2363	2251	0.952603	2	1.93838	
10437.9	2435	2323	0.954004	2	1.90105	
10439.1	2435	2323	0.954004	2	1.90083	
10494.7	2457	2345	0.954416	1	1.93164	
10499.7	2458	2345	0.954028	1	1.93089	
10524.2	2460	2346	0.953659	1	1.92818	
10607.4	2470	2355	0.953441	2	1.91304	
10664.5	2477	2362	0.953573	1	1.94754	
10864.3	2540	2424	0.954331	1	1.92967	
10895.1	2546	2429	0.954046	2	1.92421	
10909.2	2546	2429	0.954046	2	1.92173	
10909.8	2546	2429	0.954046	1	1.92576	
10938.3	2561	2443	0.953924	1	1.95853	
10957	2566	2447	0.953624	2	1.95519	
11177.2	2648	2529	0.95506	1	1.93795	
11250.3	2675	2555	0.95514	2	1.92536	
11337	2708	2588	0.955687	2	1.91064	
11377.7	2714	2594	0.955785	1	1.94462	
11399	2718	2597	0.955482	2	1.94097	
11571	2766	2645	0.956255	2	1.91213	
11574.5	2767	2646	0.95627	2	1.91155	
11600.4	2771	2650	0.956333	1	1.94351	
11624	2774	2652	0.95602	1	1.9603	
11626.6	2775	2652	0.955676	1	1.96188	
11661.8	2785	2661	0.955476	2	1.95596	
11711	2797	2673	0.955667	2	1.94774	
11725.2	2805	2681	0.955793	1	1.95385	
11844.5	2849	2724	0.956125	2	1.93418	
11889.2	2864	2739	0.956355	2	1.9269	
11893	2864	2739	0.956355	1	1.94867	
11932.2	2878	2752	0.95622	2	1.94227	
11973.6	2894	2768	0.956462	2	1.93554	
11989.4	2895	2769	0.956477	2	1.933	
11996.3	2896	2770	0.956492	2	1.93189	
12001.7	2900	2774	0.956552	2	1.93102	
12005.3	2902	2776	0.956582	2	1.93044	
12110.4	2943	2817	0.957187	2	1.91368	
12155.1	2955	2829	0.95736	1	1.92812	
12203.3	2979	2852	0.957368	2	1.92051	
12246.5	2991	2864	0.957539	1	1.92119	
12366.7	3018	2890	0.957588	2	1.90251	
12383.3	3024	2896	0.957672	1	1.95299	
12398.5	3030	2901	0.957426	2	1.95059	
12427.8	3039	2910	0.957552	2	1.94599	
12574.2	3083	2954	0.958158	1	1.93841	
12683.4	3097	2967	0.958024	2	1.92173	
12689.7	3098	2968	0.958037	1	1.92984	
12716.4	3105	2974	0.95781	1	1.96274	
13053.2	3139	3007	0.957948	1	1.93772	
13060.7	3142	3009	0.95767	2	1.93661	
13165.7	3179	3046	0.958163	2	1.92116	
13221.1	3193	3060	0.958346	1	1.95321	
13230.5	3196	3062	0.958073	1	1.95245	
13302.3	3210	3075	0.957944	2	1.94191	
13348	3226	3091	0.958153	1	1.94405	
13357.2	3230	3094	0.957895	2	1.94272	
13430.8	3251	3115	0.958167	1	1.93796	
13479.5	3269	3132	0.958091	2	1.93095	
13531.1	3285	3148	0.958295	2	1.92359	
13639.4	3310	3173	0.95861	2	1.90831	
13672	3324	3187	0.958785	1	1.92137	
13685	3330	3192	0.958559	1	1.96563	
13769.1	3341	3202	0.958396	2	1.95362	
13769.3	3341	3202	0.958396	1	1.96046	
13794.8	3344	3204	0.958134	2	1.95683	
13865.8	3367	3227	0.95842	1	1.95338	
13882.2	3368	3227	0.958135	1	1.95198	
13909.2	3382	3240	0.958013	1	1.96422	
14052.4	3419	3276	0.958175	1	1.95611	
14151	3443	3299	0.958176	1	1.95947	
14154	3443	3299	0.958176	0	1.96597	
14262.6	3453	3307	0.957718	1	1.95838	
14283.2	3459	3312	0.957502	1	1.95663	
14289.9	3461	3313	0.957238	2	1.95571	
14339.9	3480	3332	0.957471	2	1.9489	
14426.2	3504	3356	0.957763	2	1.93724	
14442.3	3508	3360	0.957811	2	1.93508	
14464.5	3513	3365	0.957871	1	1.95297	
14597.9	3552	3403	0.958052	1	1.9564	
14632.7	3556	3406	0.957818	2	1.95174	
14687.2	3581	3431	0.958112	2	1.9445	
14704.7	3586	3436	0.958171	2	1.9422	
14732.2	3592	3442	0.958241	1	1.95652	
14798.4	3620	3469	0.958287	2	1.94777	
14812.1	3622	3471	0.95831	2	1.94598	
14924.2	3664	3513	0.958788	1	1.95315	
14933.8	3670	3518	0.958583	2	1.9519	
15079.8	3717	3565	0.959107	2	1.933	
15090	3723	3571	0.959173	1	1.9553	
15131.4	3730	3577	0.958981	1	1.96361	
15165.9	3743	3589	0.958857	2	1.95915	
15173.1	3744	3590	0.958868	1	1.96361	
15200.7	3750	3595	0.958667	1	1.96151	
15213.3	3752	3596	0.958422	1	1.96066	
15227.8	3754	3597	0.958178	1	1.96485	
15357.8	3791	3633	0.958322	2	1.94821	
15367.6	3791	3633	0.958322	1	1.95565	
15385.1	3793	3634	0.958081	1	1.96459	
15464.7	3823	3663	0.958148	1	1.95934	
15496.6	3831	3670	0.957974	2	1.9553	
15524.6	3840	3679	0.958073	2	1.95177	
15552.3	3844	3683	0.958117	2	1.94829	
15561.6	3845	3684	0.958127	2	1.94714	
15590.6	3854	3693	0.958225	2	1.94351	
15645.3	3874	3713	0.958441	2	1.93672	
15781.4	3915	3754	0.958876	1	1.9453	
15863.5	3945	3783	0.958935	2	1.93523	
15909.8	3951	3789	0.958998	2	1.9296	
16049.9	3989	3827	0.959388	2	1.91276	
16092.5	3999	3837	0.95949	2	1.90769	
16110.9	4005	3843	0.959551	1	1.94537	
16167	4024	3861	0.959493	2	1.93862	
16224	4040	3877	0.959653	1	1.93868	
16257.4	4044	3880	0.959446	2	1.93469	
16402.4	4060	3896	0.959606	1	1.95522	
16421.8	4062	3897	0.95938	2	1.95291	
16519.9	4067	3902	0.95943	1	1.95922	
16543.6	4068	3902	0.959194	2	1.95642	
16703.2	4084	3918	0.959354	1	1.95569	
16732.3	4088	3921	0.959149	1	1.95377	
16768.1	4098	3930	0.959004	2	1.94961	
16781.3	4100	3932	0.959024	2	1.94807	
16858.2	4120	3952	0.959223	1	1.95901	
16963.5	4157	3988	0.959346	2	1.94685	
16974.9	4159	3990	0.959365	2	1.94555	
17002.7	4166	3997	0.959434	2	1.94237	
17004	4166	3997	0.959434	1	1.95819	
17043.3	4177	4007	0.959301	2	1.95366	
17128.4	4208	4038	0.959601	2	1.94397	
17160.3	4220	4050	0.959716	1	1.95793	
17260.6	4262	4091	0.959878	2	1.94656	
17266.5	4263	4092	0.959887	1	1.96084	
17316.3	4268	4096	0.9597	1	1.95801	
17354.8	4278	4105	0.959561	2	1.95366	
17375.5	4283	4110	0.959608	2	1.95134	
17394.3	4288	4115	0.959655	2	1.94923	
17447.5	4302	4129	0.959786	2	1.94328	
17456.6	4302	4129	0.959786	1	1.95016	
17461.4	4302	4129	0.959786	1	1.94962	
17591.1	4331	4157	0.959825	1	1.95953	
17601.5	4339	4164	0.959668	1	1.95893	
17644.9	4352	4176	0.959559	1	1.95649	
17658.6	4355	4178	0.959357	2	1.95497	
17660.7	4355	4178	0.959357	1	1.95548	
17674.8	4359	4181	0.959165	1	1.96592	
17679.7	4360	4181	0.958945	1	1.96561	
17695.3	4363	4183	0.958744	2	1.96387	
17701.7	4363	4183	0.958744	1	1.96547	
17739.9	4370	4189	0.958581	1	1.96338	
17750.6	4375	4193	0.9584	2	1.96219	
17767.5	4384	4202	0.958485	2	1.96032	
17794.6	4392	4210	0.958561	2	1.95733	
17837.7	4408	4226	0.958711	1	1.96135	
17884.7	4424	4241	0.958635	2	1.9562	
17887.6	4425	4242	0.958644	1	1.95801	
18070.9	4476	4292	0.958892	1	1.94812	
18079	4479	4294	0.958696	1	1.96599	
18093	4483	4297	0.95851	1	1.96521	
18096.4	4483	4297	0.95851	1	1.96484	
18106.8	4485	4298	0.958305	1	1.96569	
18110.9	4487	4299	0.958101	2	1.96526	
18131.2	4496	4308	0.958185	2	1.96305	
18273.1	4548	4360	0.958663	2	1.94781	
18360.2	4569	4381	0.958853	1	1.95224	
18386	4581	4392	0.958743	1	1.96507	
18399.7	4583	4393	0.958542	2	1.96361	
18480.3	4587	4397	0.958579	2	1.95505	
18513.2	4588	4398	0.958588	2	1.95157	
18622.9	4606	4416	0.958749	1	1.95276	
18630.9	4607	4416	0.958541	2	1.95192	
18643.2	4608	4417	0.95855	1	1.96546	
18800.6	4647	4455	0.958683	1	1.95812	
18804.3	4648	4455	0.958477	1	1.9579	
18871.4	4668	4474	0.95844	2	1.95094	
18983.2	4702	4508	0.958741	2	1.93945	
19042.1	4712	4518	0.958829	2	1.93345	
19043.5	4712	4518	0.958829	1	1.94583	
19052.4	4714	4519	0.958634	2	1.94492	
19054.2	4715	4520	0.958643	2	1.94474	
19101.1	4733	4538	0.9588	1	1.96356	
19103.4	4734	4538	0.958597	2	1.96332	
19116.1	4737	4541	0.958624	2	1.96202	
19141.5	4738	4542	0.958632	2	1.95941	
19221.3	4750	4554	0.958737	2	1.95128	
19280.3	4753	4557	0.958763	1	1.95452	
19289.6	4758	4561	0.958596	1	1.954	
19299.1	4759	4561	0.958395	1	1.95328	
19311.5	4760	4561	0.958193	2	1.95202	
19319.9	4761	4562	0.958202	1	1.96518	
19367.9	4765	4565	0.958027	1	1.96274	
19429.6	4774	4573	0.957897	2	1.95651	
19443.9	4776	4575	0.957915	2	1.95507	
19523.4	4790	4589	0.958038	2	1.94711	
19526.6	4790	4589	0.958038	1	1.95835	
19534.5	4793	4591	0.957855	1	1.9579	
19632.8	4800	4597	0.957708	2	1.9481	
19685.5	4805	4602	0.957752	1	1.9504	
19693.5	4806	4602	0.957553	2	1.9496	
19753.3	4806	4602	0.957553	2	1.94371	
19792.1	4810	4606	0.957588	2	1.93989	
19804.2	4810	4606	0.957588	1	1.94435	
19829	4819	4614	0.95746	2	1.94191	
19857.8	4825	4620	0.957513	1	1.96375	
19889.3	4831	4625	0.957359	1	1.9622	
19943.1	4850	4643	0.95732	1	1.96378	
19946.6	4851	4643	0.957122	1	1.96592	
20003.6	4865	4656	0.95704	1	1.96311	
20055.8	4884	4674	0.957002	1	1.96046	
20063.3	4887	4676	0.956824	2	1.95973	
20103.3	4901	4690	0.956948	1	1.9637	
20305.7	4921	4709	0.956919	1	1.95393	
20323.6	4923	4710	0.956734	2	1.95221	
20325.9	4923	4710	0.956734	1	1.95276	
20374.1	4928	4714	0.956575	1	1.95045	
20374.8	4928	4714	0.956575	1	1.95038	
20404.5	4930	4715	0.956389	1	1.96455	
20410.5	4930	4715	0.956389	1	1.96397	
20593.8	4975	4759	0.956583	1	1.95688	
20608	4979	4762	0.956417	2	1.95552	
20659.2	4993	4776	0.956539	2	1.95068	
20687.1	4998	4781	0.956583	2	1.94805	
20713.7	5003	4786	0.956626	1	1.95995	
20733.9	5007	4789	0.956461	2	1.95805	
20739.6	5009	4791	0.956478	1	1.96436	
20749.7	5010	4791	0.956287	2	1.9634	
20762.5	5012	4793	0.956305	2	1.96219	
20965.9	5032	4813	0.956479	1	1.95389	
20993.7	5042	4822	0.956367	2	1.95131	
20996.9	5042	4822	0.956367	1	1.95245	
21040	5049	4828	0.956229	2	1.94845	
21055.4	5052	4831	0.956255	1	1.96319	
21075.5	5056	4834	0.956092	2	1.96133	
21076	5057	4835	0.9561	2	1.96128	
21099	5062	4840	0.956144	1	1.9611	
21220.1	5077	4854	0.956076	1	1.96021	
21234.1	5081	4857	0.955914	2	1.95892	
21305	5090	4866	0.955992	2	1.9524	
21338.1	5096	4872	0.956044	1	1.95474	
21357.3	5099	4874	0.955874	2	1.95298	
21358.6	5099	4874	0.955874	1	1.96498	
21381.7	5100	4874	0.955686	2	1.96285	
21474	5109	4883	0.955764	2	1.95442	
21566.5	5123	4897	0.955885	2	1.94604	
21619.9	5127	4901	0.95592	1	1.9529	
21679	5133	4906	0.955776	2	1.94758	
21757.9	5143	4916	0.955862	2	1.94051	
21793	5146	4919	0.955888	1	1.94524	
21813.4	5148	4920	0.955711	2	1.94343	
21833	5156	4928	0.95578	2	1.94168	
21858.6	5166	4938	0.955865	2	1.93941	
21864.8	5167	4939	0.955874	1	1.94155	
22007.9	5206	4977	0.956012	2	1.92893	
22060.6	5216	4987	0.956097	2	1.92432	
22171.1	5241	5012	0.956306	1	1.95201	
22257	5271	5041	0.956365	1	1.96187	
22258.1	5272	5041	0.956184	1	1.96568	
22302.7	5276	5044	0.956027	2	1.96175	
22313.6	5279	5047	0.956052	1	1.96327	
22338.1	5287	5054	0.95593	2	1.96112	
22441.4	5309	5076	0.956112	1	1.95778	
22457.2	5313	5079	0.955957	2	1.9564	
22500.1	5316	5082	0.955982	1	1.95518	
22502.5	5318	5083	0.95581	1	1.96587	
22516.3	5320	5084	0.955639	1	1.96536	
22537.8	5323	5086	0.955476	1	1.9648	
22539.4	5323	5086	0.955476	1	1.96466	
22559	5328	5090	0.95533	1	1.96357	
22598.2	5333	5094	0.955185	1	1.96376	
22605.5	5334	5094	0.955006	1	1.96323	
22615	5336	5095	0.954835	2	1.9624	
22638.3	5339	5098	0.95486	2	1.96039	
22664.3	5340	5099	0.954869	2	1.95814	
22802.2	5350	5109	0.954953	2	1.9463	
22825.3	5351	5110	0.954962	1	1.95382	
22844.8	5359	5117	0.954842	2	1.95215	
22854.7	5362	5120	0.954868	1	1.95253	
22888.6	5368	5125	0.954732	2	1.94964	
22939	5379	5136	0.954824	1	1.96175	
22980.4	5390	5146	0.954731	1	1.95987	
23001.9	5397	5152	0.954604	1	1.96416	
23005.6	5397	5152	0.954604	1	1.96384	
23095.9	5425	5179	0.954654	2	1.95616	
23176.9	5454	5208	0.954895	1	1.9577	
23315.2	5494	5247	0.955042	2	1.94609	
23320.9	5495	5248	0.95505	2	1.94561	
23325.7	5495	5248	0.95505	1	1.95886	
23357.7	5500	5252	0.954909	1	1.95715	
23374.8	5502	5253	0.954744	2	1.95571	
23394.2	5504	5255	0.95476	1	1.96334	
23425.1	5509	5259	0.95462	2	1.96075	
23433.8	5509	5259	0.95462	2	1.96002	
23444.9	5510	5260	0.954628	2	1.95909	
23513.6	5515	5265	0.954669	1	1.95979	
23524.6	5516	5265	0.954496	1	1.95921	
23561.1	5524	5272	0.954381	1	1.96316	
23611.3	5542	5289	0.954349	2	1.95899	
23618.8	5546	5293	0.954382	2	1.95837	
23657.9	5555	5302	0.954455	1	1.96076	
23676.5	5559	5305	0.954308	1	1.96403	
23744.9	5572	5317	0.954235	1	1.96198	
23745.7	5572	5317	0.954235	0	1.96467	
23837.9	5579	5322	0.953934	2	1.95708	
23935.7	5587	5330	0.954	1	1.95693	
24017.2	5610	5352	0.954011	2	1.95029	
24106.4	5634	5376	0.954207	2	1.94307	
24162.9	5646	5388	0.954304	1	1.95561	
24207	5656	5397	0.954208	2	1.95205	
24219.3	5659	5400	0.954232	2	1.95105	
24247.5	5666	5407	0.954289	2	1.94879	
24378.2	5702	5443	0.954577	1	1.94687	
24420	5720	5460	0.954545	2	1.94354	
24438.8	5726	5466	0.954593	2	1.94204	
24528.3	5759	5499	0.954853	2	1.93496	
24528.5	5759	5499	0.954853	1	1.94078	
24534.3	5759	5499	0.954853	1	1.94032	
24554.7	5767	5506	0.954743	1	1.93938	
24577.8	5771	5509	0.954601	2	1.93755	
24584.2	5774	5512	0.954624	1	1.93822	
24586.9	5774	5512	0.954624	1	1.93801	
24620.5	5783	5520	0.954522	2	1.93536	
24622.7	5783	5520	0.954522	1	1.93655	
24635.6	5785	5521	0.954365	1	1.96392	
24646.6	5786	5521	0.9542	2	1.96305	
24650.3	5790	5525	0.954231	2	1.96275	
24678.6	5792	5527	0.954247	2	1.9605	
24709.8	5803	5538	0.954334	1	1.96099	
24772.9	5824	5558	0.954327	1	1.95853	
24946	5877	5610	0.954569	2	1.94494	
24970.6	5886	5619	0.954638	2	1.94303	
24994.7	5890	5623	0.954669	2	1.94115	
25006.5	5895	5628	0.954707	1	1.94943	
25236.6	5950	5682	0.954958	1	1.94065	
25246.6	5954	5685	0.95482	2	1.93989	
25261.5	5959	5690	0.954858	2	1.93874	
25286.4	5962	5693	0.954881	1	1.96302	
25303.1	5970	5700	0.954774	2	1.96172	
25318.8	5972	5702	0.954789	1	1.96177	
25341.7	5983	5712	0.954705	2	1.95999	
25429.2	6007	5736	0.954886	2	1.95324	
25541	6035	5764	0.955095	2	1.9447	
25624.3	6068	5797	0.955339	1	1.95337	
25663	6073	5801	0.955212	2	1.95043	
25680.3	6076	5804	0.955234	2	1.94911	
25752.4	6081	5809	0.955271	1	1.96037	
25769.7	6091	5818	0.95518	2	1.95905	
25816.3	6102	5829	0.955261	1	1.96286	
25841	6108	5834	0.955141	2	1.96098	
25855.7	6110	5836	0.955155	1	1.96379	
25992.8	6145	5870	0.955248	1	1.95848	
26019.3	6156	5880	0.955166	2	1.95648	
26023.6	6157	5881	0.955173	2	1.95616	
26039.6	6160	5884	0.955195	1	1.95673	
26063.2	6165	5888	0.955069	2	1.95496	
26171.2	6203	5926	0.955344	1	1.96039	
26277	6231	5953	0.955384	1	1.95651	
26448.1	6275	5996	0.955538	1	1.95904	
26518.3	6288	6008	0.955471	1	1.96273	
26522.9	6290	6009	0.955326	1	1.96518	
26567.5	6301	6019	0.955245	1	1.96349	
26602.9	6309	6026	0.955143	1	1.96192	
26615.7	6312	6028	0.955006	2	1.96097	
26653.8	6314	6030	0.955021	1	1.96	
26696.8	6324	6039	0.954934	1	1.95841	
26716.8	6327	6041	0.954797	1	1.96431	
26774	6345	6058	0.954768	1	1.96292	
26878.8	6377	6089	0.954838	2	1.95527	
26912.5	6379	6091	0.954852	1	1.95994	
26934	6383	6094	0.954723	1	1.95911	
27000.4	6406	6116	0.95473	1	1.96266	
27017	6408	6117	0.954588	1	1.96452	
27045.6	6418	6126	0.954503	2	1.96244	
27067.4	6424	6132	0.954545	1	1.9627	
27094.2	6428	6135	0.954418	1	1.96144	
27129.2	6440	6146	0.954348	1	1.96	
27186.6	6447	6152	0.954242	1	1.9627	
27211.7	6448	6152	0.954094	2	1.96089	
27284.4	6454	6158	0.954137	2	1.95566	
27348.3	6463	6167	0.954201	1	1.9563	
27354.2	6463	6167	0.954201	0	1.96392	
27392.3	6472	6174	0.953956	2	1.96119	
27425.6	6473	6175	0.953963	1	1.96126	
27448.4	6481	6182	0.953865	2	1.95962	
27479.6	6491	6192	0.953936	1	1.96195	
27494.8	6496	6196	0.953818	1	1.96332	
27550.5	6523	6222	0.953856	2	1.95935	
27605.4	6545	6244	0.954011	2	1.95545	
27769.7	6591	6290	0.954332	1	1.95368	
27811.4	6596	6294	0.954215	2	1.95075	
27830.4	6598	6296	0.954229	2	1.94942	
28117.5	6641	6339	0.954525	2	1.92952	
28147.6	6643	6341	0.954539	1	1.94078	
28244.8	6655	6352	0.95447	2	1.9341	
28266.6	6658	6355	0.954491	1	1.96027	
28273.1	6660	6356	0.954354	2	1.95982	
28277.2	6660	6356	0.954354	1	1.95989	
28293.8	6664	6359	0.954232	1	1.9638	
28297.2	6665	6359	0.954089	1	1.96367	
28449.7	6711	6404	0.954254	2	1.95315	
28513.5	6731	6424	0.95439	1	1.95624	
28588.6	6752	6444	0.954384	2	1.9511	
28625.3	6759	6451	0.954431	2	1.9486	
28635.1	6762	6454	0.954451	2	1.94793	
28676.1	6772	6464	0.954519	2	1.94515	
28772.6	6797	6489	0.954686	2	1.93862	
28833.3	6818	6510	0.954825	1	1.94544	
28838.9	6820	6511	0.954692	1	1.96453	
28858.9	6822	6512	0.954559	2	1.96317	
28959.8	6826	6516	0.954585	2	1.95633	
28977.4	6827	6517	0.954592	1	1.96008	
28988.8	6834	6523	0.954492	2	1.95931	
28995.3	6837	6526	0.954512	1	1.96423	
29015.1	6844	6532	0.954413	1	1.96418	
29029.8	6846	6533	0.95428	1	1.96365	
29151.2	6890	6576	0.954427	2	1.95548	
29289.3	6934	6620	0.954716	1	1.95624	
29349.1	6959	6644	0.954735	2	1.95226	
29382	6971	6656	0.954813	1	1.9532	
29402.8	6975	6659	0.954695	1	1.9645	
29450.1	6986	6669	0.954624	1	1.96359	
29463.9	6987	6669	0.954487	2	1.96267	
29478.1	6989	6671	0.9545	1	1.96422	
29663.4	7045	6726	0.95472	2	1.95195	
29785.6	7083	6764	0.954963	2	1.94394	
29808.3	7087	6768	0.954988	1	1.95331	
29814.9	7089	6769	0.95486	2	1.95288	
29909.2	7121	6801	0.955062	2	1.94672	
29946.1	7130	6810	0.955119	1	1.96081	
30057	7163	6842	0.955186	1	1.95724	
30077.9	7166	6844	0.955066	1	1.96477	
30138.6	7171	6848	0.954957	1	1.96318	
30187.4	7174	6850	0.954837	1	1.96354	
30421	7195	6870	0.95483	1	1.95768	
30634.4	7215	6889	0.954816	1	1.95069	
30638.6	7215	6889	0.954816	0	1.96499	
30664.5	7227	6899	0.954615	2	1.96333	
30706.8	7236	6908	0.954671	2	1.96062	
30779.2	7260	6932	0.954821	1	1.96047	
30817.6	7269	6940	0.954739	1	1.95919	
30852.9	7283	6953	0.954689	1	1.96384	
30864.5	7286	6955	0.95457	2	1.9631	
30915.1	7301	6970	0.954664	1	1.96168	
30954.5	7313	6981	0.954601	2	1.95918	
30982.8	7324	6992	0.95467	1	1.96269	
31021.9	7329	6996	0.954564	2	1.96021	
31052	7332	6999	0.954583	1	1.96051	
31094	7342	7008	0.954508	1	1.96357	
31231.4	7354	7019	0.954447	1	1.9593	
31234.8	7355	7019	0.954317	2	1.95909	
31264.2	7360	7024	0.954348	1	1.95824	
31391.9	7373	7036	0.954293	1	1.95424	
31428.4	7383	7045	0.954219	1	1.95275	
31446.4	7387	7048	0.954109	2	1.95164	
31459.4	7392	7053	0.95414	2	1.95083	
31464.3	7392	7053	0.95414	2	1.95053	
31627.6	7437	7098	0.954417	2	1.94046	
31640.2	7441	7102	0.954442	1	1.95813	
31676.1	7453	7113	0.954381	1	1.96373	
31824.8	7500	7159	0.954533	2	1.95455	
31984	7546	7205	0.95481	2	1.94482	
32019.7	7560	7219	0.954894	2	1.94266	
32109.2	7587	7246	0.955055	1	1.95072	
32170.6	7611	7269	0.955065	2	1.94699	
32208.1	7625	7283	0.955148	2	1.94473	
32305.1	7641	7299	0.955241	2	1.93888	
32305.6	7641	7299	0.955241	1	1.9594	
32351.4	7646	7303	0.95514	2	1.95663	
32351.6	7646	7303	0.95514	1	1.95754	
32379.6	7653	7309	0.95505	2	1.95585	
32426.4	7662	7318	0.955103	2	1.95302	
32451.8	7671	7327	0.955156	2	1.95149	
32456.5	7671	7327	0.955156	2	1.95121	
32492.3	7682	7338	0.95522	1	1.96077	
32524.1	7690	7345	0.955137	2	1.95885	
32535.7	7690	7345	0.955137	1	1.96372	
32548.6	7695	7349	0.955036	2	1.96294	
32566.3	7699	7353	0.955059	1	1.96414	
32567.9	7701	7354	0.954941	1	1.965	
32639.7	7718	7370	0.954911	1	1.96272	
32665	7726	7377	0.954828	2	1.9612	
32709.7	7738	7389	0.954898	2	1.95852	
32811.4	7765	7416	0.955055	2	1.95245	
32846.1	7773	7424	0.955101	1	1.95663	
32918.9	7794	7444	0.955094	1	1.96298	
32970.3	7805	7454	0.955029	2	1.95992	
32984.8	7806	7455	0.955035	1	1.96098	
32995.2	7807	7455	0.954912	2	1.96037	
33028.7	7817	7465	0.95497	2	1.95838	
33079.4	7828	7476	0.955033	1	1.95805	
33092.4	7833	7480	0.954934	2	1.95728	
33113	7845	7492	0.955003	1	1.95689	
33136	7858	7504	0.95495	2	1.95553	
33291.5	7905	7551	0.955218	1	1.95175	
33364.6	7932	7577	0.955245	2	1.94747	
33379.8	7933	7578	0.95525	2	1.94658	
33397.6	7935	7580	0.955261	1	1.96194	
33408.3	7941	7585	0.955169	2	1.96132	
33512	7973	7617	0.955349	2	1.95524	
33584.3	7988	7632	0.955433	2	1.95104	
33584.4	7988	7632	0.955433	1	1.95949	
33682.3	8004	7647	0.955397	1	1.96219	
33776	8029	7671	0.955412	2	1.95675	
33787.7	8032	7674	0.955428	1	1.96204	
33827.5	8044	7685	0.95537	2	1.95972	
33859.1	8052	7693	0.955415	1	1.96307	
33859.9	8052	7693	0.955415	0	1.9651	
33971.1	8085	7724	0.955349	1	1.96184	
34043.4	8100	7738	0.955309	2	1.95768	
34192.9	8112	7750	0.955375	2	1.94912	
34226.6	8122	7760	0.95543	1	1.95446	
34355.1	8136	7773	0.955383	1	1.95088	
34393.8	8139	7775	0.955277	2	1.94868	
34460	8147	7783	0.955321	2	1.94494	
34594.8	8158	7794	0.955381	2	1.93737	
34614.1	8159	7795	0.955387	1	1.958	
34701.8	8174	7809	0.955346	1	1.96296	
34754.2	8179	7813	0.955251	2	1.96001	
34873	8189	7823	0.955306	1	1.95818	
34973.9	8214	7847	0.95532	1	1.9628	
35112.1	8256	7888	0.955426	1	1.95897	
35161.4	8272	7903	0.955392	1	1.96412	
35381.1	8343	7973	0.955651	2	1.95192	
35430	8355	7985	0.955715	1	1.95671	
35439.8	8355	7985	0.955715	1	1.95617	
35455.4	8357	7986	0.955606	2	1.95531	
35544.1	8381	8010	0.955733	1	1.96256	
35553.8	8384	8012	0.95563	1	1.96514	
35679.2	8399	8026	0.95559	1	1.96193	
35683.1	8401	8027	0.955481	2	1.96171	
35697.9	8402	8028	0.955487	2	1.9609	
35714.7	8405	8031	0.955503	1	1.96092	
35819.3	8429	8054	0.955511	1	1.9581	
35855.7	8434	8058	0.955419	1	1.95712	
35979.4	8455	8078	0.955411	1	1.95372	
36108.3	8464	8086	0.95534	2	1.94675	
36317	8483	8105	0.95544	2	1.93556	
36347.6	8487	8109	0.955461	2	1.93393	
36405.7	8493	8115	0.955493	1	1.94247	
36415.5	8494	8115	0.95538	2	1.94194	
36506.1	8506	8127	0.955443	2	1.93712	
36523.5	8508	8129	0.955454	2	1.9362	
36584.4	8517	8138	0.955501	2	1.93297	
36700.4	8528	8149	0.955558	2	1.92686	
36812.1	8547	8168	0.955657	2	1.92102	
36864	8553	8174	0.955688	1	1.93064	
36925.6	8567	8187	0.955644	2	1.92742	
36955.1	8573	8193	0.955675	2	1.92588	
36974.3	8578	8198	0.955701	1	1.92782	
36975.2	8578	8198	0.955701	1	1.92777	
37024.7	8594	8213	0.955667	2	1.92519	
37041.3	8599	8218	0.955693	2	1.92433	
37047.7	8599	8218	0.955693	2	1.924	
37092.2	8612	8231	0.955759	1	1.96315	
37147.3	8627	8245	0.95572	1	1.96462	
37336.3	8681	8298	0.955881	1	1.96119	
37398.9	8688	8304	0.955801	1	1.95953	
37462	8709	8324	0.955793	2	1.95623	
37467.9	8709	8324	0.955793	2	1.95592	
37586.6	8752	8367	0.95601	2	1.94974	
37597.7	8756	8371	0.95603	1	1.9544	
37656.9	8760	8374	0.955936	1	1.95285	
37668.9	8763	8376	0.955837	1	1.96588	
37693.4	8766	8378	0.955738	1	1.96547	
37706.9	8771	8382	0.955649	2	1.96477	
37865.1	8816	8427	0.955876	1	1.96101	
37873	8818	8428	0.955772	1	1.96078	
37888	8821	8430	0.955674	2	1.96001	
37923.6	8825	8434	0.955694	2	1.95817	
38074.3	8831	8440	0.955724	1	1.96098	
38128.1	8848	8456	0.955696	2	1.95821	
38161.3	8856	8464	0.955736	1	1.95869	
38168	8856	8464	0.955736	1	1.95835	
38221.7	8861	8468	0.955648	2	1.9556	
38367.7	8880	8487	0.955743	1	1.96101	
38371.1	8881	8487	0.955636	2	1.96084	
38418.3	8897	8503	0.955715	2	1.95843	
38446.1	8913	8519	0.955795	1	1.95899	
38462.9	8920	8525	0.955717	2	1.95814	
38500.7	8930	8535	0.955767	2	1.95622	
38518.2	8930	8535	0.955767	1	1.95714	
38595.6	8936	8540	0.955685	2	1.95322	
38749.4	8952	8556	0.955764	2	1.94547	
38883	8962	8566	0.955813	1	1.95714	
38889.1	8963	8566	0.955707	2	1.95683	
38911.7	8965	8568	0.955717	2	1.95569	
38932.9	8971	8574	0.955746	2	1.95462	
38941.9	8973	8576	0.955756	1	1.96502	
38972.3	8979	8581	0.955674	2	1.96349	
38991.9	8988	8590	0.955719	1	1.96515	
39009.2	8990	8591	0.955617	1	1.96589	
39180.8	9028	8628	0.955693	2	1.95728	
39189.6	9029	8629	0.955698	2	1.95684	
39248	9048	8648	0.955791	1	1.95988	
39273.3	9051	8650	0.955696	2	1.95862	
39285.6	9053	8652	0.955705	1	1.95883	
39303.7	9054	8652	0.9556	1	1.95838	
39347.6	9059	8656	0.955514	2	1.95619	
39355.5	9059	8656	0.955514	2	1.9558	
39463.9	9071	8668	0.955573	2	1.95043	
39500.8	9073	8670	0.955582	2	1.9486	
39511.8	9073	8670	0.955582	2	1.94806	
39640.9	9092	8689	0.955675	1	1.95012	
39650.3	9096	8692	0.955585	2	1.94965	
39737.4	9118	8714	0.955692	1	1.94781	
39768.1	9134	8729	0.95566	2	1.9463	
39794.9	9138	8733	0.95568	2	1.94499	
39820.4	9144	8739	0.955709	2	1.94374	
39883.9	9161	8756	0.955791	2	1.94065	
39895.4	9164	8759	0.955805	1	1.96257	
40220.3	9270	8864	0.956203	2	1.94672	
40255.3	9283	8877	0.956264	1	1.95786	
40276.2	9286	8879	0.956171	2	1.95684	
40286.6	9287	8880	0.956175	1	1.96595	
40299.5	9289	8881	0.956077	1	1.96634	
40383.9	9316	8907	0.956097	2	1.96223	
40475.3	9352	8943	0.956266	1	1.96238	
40536.9	9374	8964	0.956262	2	1.9594	
40598	9390	8980	0.956337	1	1.96376	
40616.4	9394	8983	0.956249	2	1.96287	
40621.6	9394	8983	0.956249	1	1.96315	
40676.7	9409	8997	0.956212	2	1.96049	
40689.8	9412	9000	0.956226	2	1.95986	
40710.1	9420	9008	0.956263	1	1.96454	
40762.3	9424	9011	0.956176	2	1.96203	
40804.1	9429	9016	0.956199	1	1.96231	
40859	9433	9019	0.956112	2	1.95968	
40957.5	9443	9029	0.956158	2	1.95496	
40999.9	9449	9035	0.956186	2	1.95294	
41015.6	9450	9036	0.95619	1	1.95717	
41086.1	9472	9057	0.956187	1	1.965	
41127.7	9487	9071	0.956151	1	1.96397	
41152.3	9494	9077	0.956078	2	1.96279	
41153.6	9495	9078	0.956082	1	1.96605	
41208.4	9510	9092	0.956046	2	1.96343	
41210.9	9510	9092	0.956046	1	1.96443	
41320.8	9552	9133	0.956135	2	1.9592	
41345.6	9563	9144	0.956185	2	1.95803	
41349.7	9564	9145	0.95619	1	1.96319	
41363.2	9567	9147	0.956099	1	1.96287	
41403.4	9578	9157	0.956045	2	1.96096	
41432.3	9587	9166	0.956086	1	1.96119	
41572	9620	9198	0.956133	1	1.96326	
41577.9	9621	9198	0.956034	1	1.96302	
41582.8	9622	9198	0.955934	2	1.96279	
41726.2	9634	9210	0.955989	2	1.95605	
41743.2	9636	9212	0.955998	1	1.95912	
41745.7	9641	9216	0.955917	1	1.95902	
41831.7	9656	9230	0.955882	1	1.96425	
41845.5	9660	9233	0.955797	2	1.9636	
41881.7	9664	9237	0.955815	2	1.9619	
41897.6	9665	9238	0.95582	2	1.96116	
42001	9677	9250	0.955875	2	1.95633	
42039.9	9681	9254	0.955893	2	1.95452	
42056.3	9683	9256	0.955902	1	1.96112	
42133.6	9697	9269	0.955863	2	1.95752	
42169.2	9701	9273	0.955881	2	1.95587	
42226	9709	9281	0.955917	1	1.95722	
42237.4	9710	9281	0.955819	1	1.96625	
42389.1	9755	9325	0.95592	1	1.96268	
42416.4	9757	9326	0.955827	1	1.96581	
42459.8	9771	9339	0.955788	1	1.96545	
42507.1	9786	9353	0.955753	1	1.96537	
42521.6	9791	9357	0.955674	1	1.96495	
42557.2	9800	9365	0.955612	2	1.96331	
42655.6	9824	9389	0.955721	2	1.95878	
42744.1	9844	9409	0.955811	1	1.96131	
42814.1	9875	9439	0.955848	1	1.96494	
42827.5	9881	9444	0.955774	1	1.96464	
42851	9892	9454	0.955722	2	1.96356	
42878.1	9901	9463	0.955762	2	1.96232	
42880.6	9901	9463	0.955762	1	1.96531	
42961.4	9924	9485	0.955764	2	1.96161	
42966.4	9924	9485	0.955764	2	1.96138	
43022.7	9940	9501	0.955835	1	1.96324	
43066.7	9945	9505	0.955757	1	1.96216	
43123.7	9954	9513	0.955696	2	1.95956	
43192.7	9962	9521	0.955732	2	1.95643	
43227.3	9962	9521	0.955732	1	1.95853	
43407.3	9983	9541	0.955725	2	1.95041	
43424.8	9984	9542	0.955729	2	1.94962	
43456.7	9986	9544	0.955738	2	1.9482	
43507	9990	9548	0.955756	1	1.96008	
43554.6	9994	9551	0.955673	2	1.95794	
43584.6	9997	9554	0.955687	1	1.95829	
43616.4	10001	9557	0.955604	1	1.96571	
43731.5	10014	9569	0.955562	1	1.96384	
43732.4	10014	9569	0.955562	0	1.96631	
43783.7	10019	9572	0.955385	2	1.964	
43926	10036	9589	0.95546	2	1.95764	
43996.2	10045	9598	0.9555	2	1.95451	
44024.9	10045	9598	0.9555	1	1.95987	
44061.8	10048	9600	0.955414	2	1.95823	
44065.5	10048	9600	0.955414	2	1.95806	
44167.8	10057	9609	0.955454	1	1.96337	
44211.6	10064	9615	0.955386	1	1.96562	
44221.2	10066	9616	0.955295	1	1.96537	
44252.1	10071	9620	0.955218	2	1.964	
44260.9	10072	9621	0.955222	2	1.96361	
44271.7	10073	9622	0.955227	2	1.96313	
44282.8	10074	9623	0.955231	2	1.96264	
44303.1	10078	9627	0.955249	2	1.96174	
44348.4	10085	9634	0.95528	1	1.96242	
44411.1	10090	9638	0.955203	2	1.95965	
44413.1	10092	9640	0.955212	2	1.95956	
44638.2	10115	9663	0.955314	2	1.94968	
44649.5	10115	9663	0.955314	1	1.95996	
44650.8	10115	9663	0.955314	0	1.9665	
44659.9	10121	9667	0.955143	2	1.9661	
44691.4	10128	9674	0.955174	2	1.96471	
44880.9	10186	9732	0.955429	2	1.95642	
44885.1	10187	9733	0.955433	1	1.96137	
44906.1	10191	9736	0.955353	1	1.96079	
44914.2	10193	9737	0.955263	1	1.96627	
44949.8	10200	9743	0.955196	1	1.96565	
45028.4	10210	9752	0.955142	2	1.96222	
45035.1	10211	9753	0.955146	1	1.96358	
45046.2	10216	9757	0.95507	2	1.9631	
45052.1	10217	9758	0.955075	1	1.96317	
45147.2	10227	9767	0.955021	1	1.96405	
45267.4	10238	9777	0.954972	1	1.96356	
45314.4	10243	9781	0.954896	1	1.96508	
45443	10285	9822	0.954983	1	1.96216	
45482.3	10297	9833	0.954938	2	1.96047	
45541.4	10312	9848	0.955004	2	1.95792	
45557.3	10315	9851	0.955017	2	1.95724	
45570.3	10317	9853	0.955026	2	1.95668	
45570.3	10317	9853	0.955026	2	1.95668	
45597	10326	9862	0.955065	2	1.95554	
45666.8	10340	9876	0.955126	1	1.96121	
45677.7	10343	9878	0.955042	2	1.96074	
45680.4	10344	9879	0.955046	1	1.96581	
45688.4	10346	9880	0.954958	1	1.96593	
45748.3	10360	9893	0.954923	2	1.96336	
45855.9	10387	9920	0.95504	2	1.95875	
45863	10390	9923	0.955053	2	1.95845	
45891.2	10397	9930	0.955083	2	1.95724	
45903.4	10397	9930	0.955083	1	1.96134	
45906.9	10397	9930	0.955083	0	1.96611	
45967.1	10410	9941	0.954947	2	1.96353	
45992.2	10421	9952	0.954995	2	1.96246	
46108.8	10451	9982	0.955124	2	1.9575	
46145.9	10464	9995	0.95518	2	1.95592	
46273	10514	10045	0.955393	2	1.95055	
46308.2	10524	10055	0.955435	1	1.95769	
46349.2	10536	10066	0.955391	2	1.95595	
46414.4	10558	10088	0.955484	1	1.95544	
46428.8	10559	10088	0.955394	2	1.95484	
46484.8	10574	10103	0.955457	2	1.95249	
46502.2	10579	10108	0.955478	1	1.96449	
46578.1	10584	10112	0.955404	2	1.96129	
46590.9	10585	10113	0.955409	2	1.96075	
46602	10586	10114	0.955413	2	1.96028	
46631.8	10591	10119	0.955434	2	1.95903	
46823.4	10602	10130	0.95548	1	1.95783	
46849.9	10606	10133	0.955403	2	1.95672	
46869.8	10608	10135	0.955411	2	1.95589	
47033.3	10621	10148	0.955466	1	1.96215	
47057.1	10626	10152	0.955392	1	1.96609	
47072.1	10631	10156	0.955319	2	1.96546	
47077.6	10632	10157	0.955324	2	1.96523	
47133.2	10659	10184	0.955437	1	1.96452	
47165.2	10674	10198	0.955406	2	1.96319	
47285.2	10705	10229	0.955535	1	1.96139	
47490.5	10765	10288	0.95569	1	1.9572	
47592.9	10790	10312	0.9557	2	1.95299	
47601.4	10791	10313	0.955704	2	1.95264	
47696	10827	10349	0.955851	1	1.96263	
47721.6	10834	10355	0.955787	2	1.96158	
47739.8	10841	10362	0.955816	2	1.96083	
47821.9	10871	10392	0.955938	1	1.9601	
47838.9	10872	10392	0.95585	2	1.9594	
47858.2	10872	10392	0.95585	1	1.95924	
47923.6	10881	10400	0.955795	2	1.95657	
48024.2	10898	10417	0.955863	1	1.95586	
48042.3	10903	10421	0.955792	1	1.9555	
48086.8	10924	10441	0.955785	2	1.95369	
48088.1	10924	10441	0.955785	1	1.95455	
48120.6	10936	10452	0.955743	1	1.9539	
48156	10951	10466	0.955712	2	1.95246	
48162	10954	10469	0.955724	1	1.95307	
48173	10955	10469	0.955637	2	1.95262	
48290.4	10967	10481	0.955685	2	1.94787	
48312.6	10970	10484	0.955697	2	1.94698	
48324	10970	10484	0.955697	2	1.94652	
48414.6	10976	10490	0.955722	2	1.94288	
48485.6	10986	10500	0.955762	1	1.96042	
48567.1	10993	10506	0.955699	2	1.95714	
48603.7	10996	10509	0.955711	1	1.95804	
48605.6	10997	10509	0.955624	2	1.95796	
48696.2	11004	10516	0.955652	1	1.9652	
48751	11009	10520	0.955582	1	1.966	
48774.5	11020	10530	0.955535	2	1.96505	
48988.8	11077	10587	0.955764	1	1.96238	
49034	11087	10596	0.955714	1	1.96148	
49083.9	11093	10601	0.955648	1	1.96028	
49094.7	11096	10603	0.95557	1	1.96004	
49101.7	11097	10603	0.955483	2	1.95976	
49183.5	11121	10627	0.95558	1	1.96529	
49185.1	11121	10627	0.95558	1	1.96523	
49189.7	11121	10627	0.95558	0	1.96694	
49201.8	11121	10627	0.95558	0	1.96645	
49228	11126	10630	0.95542	2	1.96541	
49254.9	11131	10635	0.95544	1	1.96524	
49256.4	11132	10635	0.955354	2	1.96518	
49338.5	11151	10654	0.95543	2	1.96191	
49357.1	11158	10661	0.955458	2	1.96117	
49398.7	11172	10675	0.955514	1	1.96243	
49436.1	11181	10683	0.95546	1	1.96566	
49492.8	11182	10683	0.955375	2	1.96341	
49530.2	11185	10686	0.955387	2	1.96193	
49535.5	11185	10686	0.955387	1	1.96443	
49555.7	11192	10692	0.955325	1	1.96586	
49579.2	11198	10697	0.95526	2	1.96492	
49719.3	11246	10745	0.955451	1	1.96306	
49727	11249	10747	0.955374	1	1.96609	
49792.1	11257	10754	0.955317	2	1.96352	
49806.3	11257	10754	0.955317	1	1.96471	
49819.1	11258	10754	0.955232	1	1.96594	
49819.8	11258	10754	0.955232	0	1.96605	
49836.5	11262	10756	0.95507	2	1.96539	
50079.3	11289	10783	0.955178	1	1.96095	
50112.9	11295	10788	0.955113	1	1.96031	
50123.7	11296	10788	0.955028	1	1.96594	
50165.9	11309	10800	0.954992	1	1.96508	
50259.8	11319	10809	0.954943	1	1.96325	
50355.8	11349	10838	0.954974	2	1.9595	
50368.1	11351	10840	0.954982	2	1.95903	
50378.1	11354	10843	0.954994	1	1.96095	
50416.8	11358	10846	0.954922	2	1.95945	
50454.5	11363	10851	0.954941	1	1.95946	
50518.3	11373	10860	0.954893	2	1.95698	
50623.6	11388	10875	0.954953	2	1.95292	
50689.6	11396	10883	0.954984	1	1.9617	
50712.6	11404	10890	0.954928	1	1.96589	
50758.5	11417	10902	0.954892	2	1.96412	
50791	11428	10913	0.954935	2	1.96286	
50863.9	11447	10932	0.95501	1	1.96335	
50885.4	11459	10943	0.95497	2	1.96252	
50994.5	11491	10975	0.955095	2	1.95832	
51074.9	11516	11000	0.955193	2	1.95524	
51099.2	11519	11003	0.955204	2	1.95431	
51153.3	11538	11022	0.955278	2	1.95224	
51219.4	11569	11053	0.955398	1	1.9596	
51248.9	11576	11059	0.955339	1	1.95899	
51324.7	11599	11081	0.955341	2	1.95609	
51431	11634	11116	0.955475	1	1.96307	
51589.2	11684	11165	0.95558	2	1.95705	
51644.6	11699	11180	0.955637	1	1.96257	
51669.6	11710	11190	0.955594	2	1.96162	
51828.2	11753	11233	0.955756	2	1.95562	
51891.4	11774	11254	0.955835	2	1.95324	
51958.8	11792	11272	0.955902	1	1.96082	
51961.6	11793	11272	0.955821	2	1.96072	
52096.3	11812	11291	0.955892	1	1.96431	
52218.3	11826	11304	0.95586	1	1.96196	
52220.8	11827	11304	0.955779	1	1.96188	
52235	11829	11305	0.955702	1	1.9666	
52344.5	11836	11311	0.955644	2	1.96248	
52391.3	11842	11317	0.955666	2	1.96073	
52419.6	11846	11321	0.955681	1	1.96346	
52443.9	11850	11324	0.955612	2	1.96255	
52472.1	11852	11326	0.955619	1	1.96235	
52529.8	11856	11329	0.95555	2	1.9602	
52587.7	11863	11336	0.955576	2	1.95804	
52652.9	11869	11342	0.955599	2	1.95561	
52676.2	11869	11342	0.955599	2	1.95474	
52721.7	11875	11348	0.955621	1	1.96211	
52796.3	11885	11357	0.955574	1	1.96064	
52802.5	11885	11357	0.955574	1	1.96041	
52842	11895	11366	0.955528	1	1.95957	
52845.5	11895	11366	0.955528	0	1.96648	
52920.4	11903	11372	0.955389	2	1.96369	
52956.6	11909	11378	0.955412	1	1.96445	
52980.9	11913	11381	0.955343	1	1.96383	
53066.3	11922	11389	0.955293	1	1.96207	
53083.5	11925	11391	0.95522	2	1.96144	
53091.7	11925	11391	0.95522	2	1.96114	
53189.5	11934	11400	0.955254	2	1.95753	
53210	11936	11402	0.955261	1	1.96358	
53293.9	11964	11429	0.955283	2	1.96049	
53353.1	11978	11443	0.955335	1	1.96088	
53381.7	11980	11444	0.955259	1	1.96036	
53384.4	11981	11444	0.955179	1	1.96618	
53407.9	11986	11448	0.955114	2	1.96532	
53426.8	11990	11452	0.955129	2	1.96462	
53433.1	11992	11454	0.955137	2	1.96439	
53449.7	11997	11459	0.955155	1	1.96503	
53530.2	12015	11476	0.955139	2	1.96208	
53586.2	12029	11490	0.955192	1	1.96248	
53602.5	12036	11496	0.955135	1	1.96219	
53653.7	12042	11501	0.955074	2	1.96032	
53673.6	12044	11503	0.955081	2	1.95959	
53779.7	12055	11514	0.955122	1	1.96306	
53781.3	12055	11514	0.955122	1	1.963	
53811.7	12065	11523	0.955077	1	1.96244	
53871.4	12074	11531	0.955027	1	1.96516	
53900.8	12080	11536	0.954967	2	1.96409	
53973.6	12104	11560	0.955056	1	1.96329	
54012.8	12113	11568	0.955007	1	1.96256	
54016.3	12114	11568	0.954928	1	1.96246	
54045.2	12122	11575	0.954875	1	1.96194	
54118.6	12128	11580	0.954815	2	1.95928	
54136.9	12129	11581	0.954819	1	1.9646	
54196.9	12145	11596	0.954796	2	1.96243	
54288.4	12175	11626	0.954908	2	1.95912	
54309.9	12180	11631	0.954926	2	1.95834	
54323.6	12184	11635	0.954941	1	1.9611	
54332	12185	11635	0.954863	2	1.96079	
54543.3	12216	11666	0.954977	1	1.96219	
54562.9	12216	11666	0.954977	0	1.96586	
54568	12218	11666	0.954821	1	1.96572	
54568.9	12218	11666	0.954821	1	1.96568	
54586.2	12225	11672	0.954765	1	1.96534	
54615.4	12233	11679	0.954713	2	1.96429	
54636.1	12234	11680	0.954716	2	1.96355	
54671.1	12245	11691	0.954757	2	1.96229	
54783.6	12269	11715	0.954846	2	1.95826	
54829.9	12282	11728	0.954893	2	1.9566	
54836.7	12284	11730	0.954901	1	1.96132	
54875.3	12296	11741	0.954863	2	1.95994	
54879.3	12296	11741	0.954863	1	1.96055	
54925.6	12313	11757	0.954844	1	1.96506	
54939.1	12314	11757	0.954767	2	1.96458	
54951.3	12316	11759	0.954774	1	1.96453	
54960.6	12318	11760	0.9547	1	1.96426	
54973.6	12322	11763	0.954634	1	1.96526	
54980.7	12327	11767	0.954571	1	1.96512	
55037	12344	11783	0.954553	1	1.96407	
55054.4	12347	11785	0.954483	2	1.96345	
55212.8	12390	11828	0.954641	1	1.96233	
55417.1	12449	11886	0.954775	2	1.95509	
55428.2	12455	11892	0.954797	1	1.96161	
55448.3	12465	11901	0.954753	1	1.96123	
55529.3	12490	11925	0.954764	2	1.95837	
55630.7	12527	11962	0.954897	1	1.95807	
55666.9	12540	11974	0.954864	1	1.95734	
55696	12547	11980	0.95481	1	1.9649	
55737.7	12551	11983	0.954745	1	1.96417	
55768.8	12562	11993	0.954705	2	1.96308	
55799.5	12577	12008	0.954759	1	1.96434	
55817.1	12581	12011	0.954694	2	1.96372	
55897.7	12604	12034	0.954776	2	1.96089	
55928.3	12616	12046	0.954819	2	1.95981	
55962.1	12626	12056	0.954855	2	1.95863	
55988	12633	12063	0.95488	2	1.95772	
56022.4	12648	12078	0.954934	1	1.96152	
56083	12657	12086	0.954887	2	1.9594	
56155.1	12660	12089	0.954897	2	1.95688	
56270.4	12675	12104	0.954951	2	1.95288	
56323.4	12681	12110	0.954972	2	1.95104	
56393.3	12689	12118	0.955	2	1.94862	
56408.3	12690	12119	0.955004	1	1.95494	
56437.5	12698	12126	0.954954	1	1.9651	
56570.4	12740	12167	0.955024	1	1.96283	
56575	12741	12167	0.954949	2	1.96267	
56672.7	12755	12181	0.954998	1	1.96106	
56681.6	12756	12181	0.954923	1	1.96551	
56708.5	12762	12186	0.954866	1	1.9652	
56733.9	12764	12187	0.954795	1	1.96523	
56825.2	12779	12201	0.95477	2	1.96207	
56845.7	12781	12203	0.954777	2	1.96136	
56877.2	12785	12207	0.954791	1	1.96273	
56996.1	12802	12223	0.954773	2	1.95863	
57038	12802	12223	0.954773	2	1.95719	
57039.8	12802	12223	0.954773	1	1.96279	
57118.6	12821	12241	0.954762	2	1.96008	
57166.4	12842	12262	0.954836	2	1.95844	
57226.2	12854	12274	0.954878	2	1.95639	
57310.5	12876	12296	0.954955	2	1.95351	
57414.2	12905	12325	0.955056	2	1.94998	
57539.3	12956	12376	0.955233	1	1.95725	
57551.9	12962	12381	0.955177	1	1.95703	
57584.7	12969	12387	0.955124	1	1.96519	
57616.5	12976	12393	0.955071	1	1.96465	
57779.4	12997	12413	0.955067	2	1.95911	
57789.9	12999	12415	0.955073	1	1.96274	
57794.7	12999	12415	0.955073	1	1.96257	
57838.7	13002	12417	0.955007	2	1.96108	
57841.6	13002	12417	0.955007	1	1.96173	
57855.4	13006	12420	0.954944	2	1.96126	
58042.5	13068	12482	0.955158	1	1.95832	
58045	13068	12482	0.955158	1	1.95824	
58104.5	13076	12489	0.955109	2	1.95623	
58113.2	13078	12491	0.955115	2	1.95594	
58212.7	13091	12504	0.95516	1	1.96282	
58223.9	13092	12504	0.955087	1	1.96509	
58258.6	13100	12511	0.955038	1	1.9646	
58285.5	13106	12516	0.954982	1	1.96403	
58363.6	13131	12540	0.954992	1	1.96369	
58368	13132	12540	0.954919	2	1.96355	
58419.3	13143	12551	0.954957	1	1.96407	
58422.8	13144	12551	0.954884	2	1.96395	
58541.1	13170	12577	0.954973	1	1.96297	
58612.4	13189	12595	0.954962	1	1.96177	
58629.1	13198	12603	0.954917	1	1.96476	
58660.7	13204	12608	0.954862	1	1.9641	
58686.7	13209	12612	0.954804	2	1.96323	
58938.6	13239	12642	0.954906	1	1.95954	
59068.3	13255	12657	0.954885	2	1.95524	
59235.4	13275	12677	0.954953	1	1.95457	
59296.8	13285	12686	0.954912	1	1.95351	
59300.4	13285	12686	0.954912	1	1.9534	
59315.3	13286	12686	0.95484	1	1.95303	
59341	13289	12688	0.954775	1	1.96439	
59352.4	13290	12688	0.954703	2	1.96401	
59357.3	13291	12689	0.954706	1	1.964	
59377.6	13292	12689	0.954634	2	1.96333	
59391.1	13293	12690	0.954638	1	1.96337	
59406	13294	12690	0.954566	2	1.96288	
59424.6	13297	12693	0.954576	2	1.96227	
59620.1	13358	12754	0.954784	1	1.9609	
59699.2	13375	12770	0.954766	1	1.96335	
59730.2	13384	12778	0.954722	1	1.96415	
59752.2	13385	12778	0.954651	1	1.96427	
59769.1	13389	12781	0.95459	1	1.96399	
59845.2	13396	12787	0.954539	2	1.96149	
59889	13401	12792	0.954556	1	1.96199	
59936.7	13409	12799	0.954508	2	1.96043	
59994.1	13418	12808	0.954539	2	1.95855	
60069	13426	12816	0.954566	1	1.96158	
60159.4	13460	12849	0.954606	2	1.95863	
60211.8	13476	12865	0.95466	2	1.95692	
60235.9	13481	12870	0.954677	2	1.95614	
60262.9	13489	12878	0.954704	1	1.95846	
60272.7	13490	12878	0.954633	2	1.95815	
60299.3	13494	12882	0.954647	2	1.95728	
60315.5	13494	12882	0.954647	1	1.95757	
60356.1	13507	12894	0.954616	2	1.95625	
60364.6	13507	12894	0.954616	2	1.95598	
60478.1	13543	12930	0.954737	1	1.95499	
60493.1	13544	12930	0.954666	2	1.9545	
60505.9	13545	12931	0.95467	1	1.95451	
60529.1	13555	12940	0.954629	1	1.96431	
60596.1	13576	12960	0.954626	1	1.96323	
60608	13581	12964	0.954569	1	1.96304	
60712.8	13618	13000	0.954619	2	1.95965	
60964.5	13691	13073	0.954861	1	1.95907	
61003.7	13703	13084	0.954827	2	1.95781	
61005.4	13704	13085	0.954831	1	1.95839	
61039.6	13712	13092	0.954784	2	1.95729	
61110.1	13719	13099	0.954807	1	1.96312	
61128.4	13724	13103	0.954751	2	1.96253	
61202.7	13733	13112	0.95478	1	1.96333	
61208.1	13734	13112	0.954711	2	1.96315	
61218.1	13737	13115	0.954721	1	1.96306	
61244.6	13745	13122	0.954674	2	1.96221	
61260.9	13749	13126	0.954688	1	1.96414	
61352.1	13769	13145	0.954681	1	1.96337	
61395.5	13772	13147	0.954618	1	1.96264	
61409.1	13780	13154	0.954572	1	1.96461	
61466.3	13799	13172	0.954562	2	1.96278	
61485.3	13802	13175	0.954572	1	1.96361	
61509.1	13805	13177	0.954509	2	1.96285	
61528.9	13806	13178	0.954513	2	1.96221	
61589.6	13815	13187	0.954542	2	1.96028	
61592.1	13815	13187	0.954542	2	1.9602	
61626.8	13821	13193	0.954562	1	1.96119	
61633.3	13824	13195	0.954499	1	1.96107	
61679.8	13843	13213	0.95449	1	1.96397	
61749.8	13857	13226	0.954463	2	1.96174	
61762.1	13859	13228	0.95447	1	1.96267	
61831	13880	13248	0.954467	2	1.96048	
61831.2	13880	13248	0.954467	1	1.96133	
61971.4	13933	13300	0.954568	2	1.95689	
61979.3	13935	13302	0.954575	1	1.96219	
61987.6	13939	13305	0.954516	1	1.96434	
62106.7	13985	13350	0.954594	1	1.96247	
62167.1	14008	13372	0.954597	2	1.96056	
62178.7	14011	13375	0.954607	1	1.96339	
62217.3	14021	13384	0.954568	2	1.96217	
62337.5	14060	13423	0.954694	1	1.96206	
62357.9	14066	13428	0.954642	1	1.96417	
62360.6	14066	13428	0.954642	1	1.96409	
62403	14071	13432	0.954587	2	1.96275	
62434.6	14071	13432	0.954587	2	1.96176	
62474.7	14076	13437	0.954604	2	1.9605	
62500.2	14079	13440	0.954613	1	1.96173	
62546.6	14084	13444	0.954558	2	1.96027	
62601.2	14090	13450	0.954578	2	1.95856	
62623.9	14092	13452	0.954584	1	1.96238	
62681.6	14100	13459	0.954539	1	1.96339	
62725.5	14105	13463	0.954484	1	1.9627	
62730.6	14106	13463	0.954417	1	1.96424	
62774.2	14112	13468	0.954365	1	1.96363	
62906.1	14125	13480	0.954336	1	1.96224	
62980.5	14135	13489	0.954298	2	1.95992	
62985.7	14135	13489	0.954298	1	1.96306	
63021.9	14149	13502	0.954272	1	1.9625	
63049.1	14152	13504	0.954211	2	1.96165	
63091.5	14155	13507	0.954221	1	1.96325	
63188.4	14168	13519	0.954193	1	1.96283	
63203.6	14170	13520	0.954128	2	1.96236	
63270.5	14173	13523	0.954138	2	1.96028	
63273.6	14173	13523	0.954138	1	1.96149	
63345.1	14201	13550	0.954158	1	1.9604	
63418.8	14210	13558	0.954117	2	1.95813	
63448.5	14216	13564	0.954136	2	1.95721	
63457.4	14217	13565	0.954139	1	1.96266	
63516.4	14226	13573	0.954098	1	1.96345	
63539.9	14235	13581	0.954057	2	1.96273	
63579.5	14247	13593	0.954096	1	1.96334	
63600.1	14253	13598	0.954045	2	1.9627	
63783.5	14316	13661	0.954247	2	1.95706	
63793.2	14321	13666	0.954263	1	1.96099	
63878.4	14330	13674	0.954222	2	1.95838	
63938.8	14334	13678	0.954235	2	1.95653	
63965.8	14338	13682	0.954247	1	1.95812	
63987.8	14339	13682	0.954181	2	1.95744	
64088.6	14347	13690	0.954206	1	1.95596	
64150.5	14369	13711	0.954207	1	1.95492	
64207.5	14372	13713	0.954147	1	1.96296	
64242.1	14378	13718	0.954097	1	1.96227	
64267.2	14381	13720	0.954037	2	1.9615	
64369	14395	13734	0.954081	1	1.96179	
64382.7	14397	13735	0.954018	1	1.96352	
64388.7	14398	13735	0.953952	2	1.96334	
64392.5	14398	13735	0.953952	1	1.96337	
64437.4	14412	13748	0.953927	1	1.96268	
64456.9	14414	13749	0.953864	1	1.96231	
64457.7	14414	13749	0.953864	1	1.96229	
64551.9	14440	13774	0.953878	2	1.95943	
64582.4	14450	13784	0.95391	1	1.96179	
64618.1	14456	13789	0.95386	1	1.961	
64687.1	14470	13802	0.953836	2	1.9589	
64787	14504	13836	0.953944	2	1.95588	
64787.2	14504	13836	0.953944	1	1.96087	
64796.1	14507	13838	0.953884	2	1.9606	
64821.9	14509	13840	0.953891	2	1.95982	
64853.5	14518	13849	0.953919	2	1.95886	
64968.8	14554	13885	0.954033	2	1.95539	
65063.1	14587	13918	0.954137	1	1.95938	
65072.9	14587	13918	0.954137	1	1.95908	
65112.1	14595	13925	0.954094	2	1.9579	
65138.6	14604	13934	0.954122	2	1.95711	
65177.1	14610	13940	0.954141	2	1.95595	
65185	14610	13940	0.954141	1	1.95741	
65260.3	14629	13958	0.954132	1	1.96239	
65266.5	14630	13958	0.954067	2	1.96221	
65320	14637	13965	0.954089	2	1.9606	
65415.1	14646	13974	0.954117	1	1.96003	
65431.9	14647	13974	0.954052	2	1.95953	
65440.8	14648	13975	0.954055	1	1.96316	
65457.5	14655	13981	0.954009	1	1.96329	
65457.6	14655	13981	0.954009	0	1.96353	
65553.5	14664	13988	0.953901	2	1.96065	
65559.3	14665	13989	0.953904	1	1.96195	
65581.8	14666	13989	0.953839	2	1.96128	
65742.7	14680	14003	0.953883	2	1.95648	
65753.6	14682	14005	0.953889	1	1.96049	
65839.5	14696	14018	0.953865	2	1.95794	
65854.2	14698	14020	0.953871	2	1.9575	
65866.3	14699	14021	0.953874	1	1.96179	
65926.4	14715	14036	0.953857	2	1.96	
65950.5	14717	14038	0.953863	1	1.96226	
65967.6	14721	14041	0.953807	2	1.96175	
65983.2	14724	14044	0.953817	2	1.96128	
65984	14724	14044	0.953817	1	1.96301	
65990.6	14725	14044	0.953752	1	1.96339	
66010.3	14727	14045	0.953691	2	1.96281	
66105	14734	14052	0.953713	2	1.96	
66167.6	14741	14059	0.953734	2	1.95814	
66188.6	14744	14062	0.953744	1	1.96055	
66254.5	14747	14064	0.953685	2	1.9586	
66319	14754	14071	0.953707	1	1.9586	
66328.3	14757	14073	0.953649	1	1.96342	
66329.9	14757	14073	0.953649	1	1.96337	
66418.9	14785	14100	0.953669	2	1.96074	
66421.8	14785	14100	0.953669	1	1.9622	
66472.8	14793	14107	0.953627	1	1.96281	
66505.9	14799	14112	0.953578	2	1.96184	
66524.2	14802	14115	0.953587	2	1.96129	
66613.2	14810	14123	0.953612	2	1.95868	
66660.2	14815	14128	0.953628	2	1.95729	
66691.8	14817	14130	0.953634	2	1.95637	
66711.9	14818	14131	0.953637	1	1.96004	
66735.4	14819	14131	0.953573	1	1.96328	
66737.9	14820	14131	0.953509	2	1.96321	
66740.5	14820	14131	0.953509	1	1.9632	
66761	14824	14134	0.953454	2	1.9626	
66805	14836	14146	0.953492	2	1.96131	
66838.1	14844	14154	0.953517	2	1.96034	
66880.3	14854	14164	0.953548	1	1.96114	
67022.6	14902	14211	0.95363	2	1.95697	
67037.9	14910	14219	0.953655	2	1.95653	
67085.1	14921	14230	0.953689	1	1.96069	
67165.5	14946	14254	0.9537	2	1.95834	
67176.3	14950	14258	0.953712	1	1.95936	
67229.9	14963	14270	0.953686	2	1.9578	
67310.2	14983	14290	0.953748	1	1.95743	
67351.8	14991	14297	0.953706	1	1.95679	
67409.5	15006	14311	0.953685	2	1.95511	
67447.6	15020	14325	0.953728	2	1.95401	
67473.6	15027	14332	0.95375	1	1.96198	
67664.8	15041	14345	0.953726	2	1.95644	
67682.2	15042	14346	0.95373	1	1.95901	
67702	15047	14350	0.953678	2	1.95844	
67796.1	15055	14358	0.953703	1	1.95733	
67858.7	15063	14365	0.953661	2	1.95553	
67943.9	15070	14372	0.953683	1	1.96173	
68039.8	15077	14378	0.953638	1	1.96254	
68198	15092	14392	0.953618	2	1.95798	
68234.8	15094	14394	0.953624	1	1.95963	
68404.8	15149	14448	0.953726	2	1.95476	
68442.7	15163	14462	0.953769	1	1.9567	
68456.6	15170	14468	0.953724	2	1.9563	
68470.6	15172	14470	0.953731	1	1.96351	
68507	15182	14479	0.953695	1	1.96292	
68546.1	15199	14495	0.953681	2	1.9618	
68579.2	15211	14507	0.953718	1	1.9619	
68585.9	15211	14507	0.953718	0	1.9638	
68653.5	15239	14533	0.953672	2	1.96187	
68664.3	15243	14537	0.953684	2	1.96156	
68673	15243	14537	0.953684	2	1.96131	
68699.5	15248	14542	0.953699	2	1.96055	
68730.8	15260	14554	0.953735	2	1.95966	
68799.6	15286	14580	0.953814	2	1.9577	
68808.1	15287	14581	0.953817	1	1.96068	
68818.1	15289	14582	0.953758	1	1.96375	
68866.7	15294	14586	0.953707	2	1.96236	
68941.6	15300	14592	0.953725	1	1.96208	
69053.7	15337	14628	0.953772	1	1.96044	
69065.1	15340	14630	0.953716	2	1.96012	
69100	15343	14633	0.953725	1	1.96292	
69115.3	15345	14634	0.953666	2	1.96248	
69151.8	15351	14640	0.953684	1	1.96283	
69155.4	15351	14640	0.953684	1	1.96273	
69345.5	15368	14656	0.95367	2	1.95735	
69482.5	15383	14671	0.953715	1	1.95812	
69516.2	15385	14672	0.953656	1	1.95745	
69553	15394	14680	0.953618	2	1.95642	
69581.7	15400	14686	0.953636	2	1.95561	
69622.1	15412	14698	0.953672	1	1.96188	
69719.6	15438	14723	0.953686	1	1.96203	
69732.7	15440	14724	0.953627	2	1.96166	
69876.2	15500	14784	0.953806	2	1.95763	
69924.5	15520	14804	0.953866	2	1.95628	
70024.7	15544	14828	0.953937	1	1.9592	
70056	15554	14837	0.953903	1	1.96312	
70087.8	15561	14843	0.953859	1	1.96258	
70090.4	15562	14843	0.953798	1	1.96253	
70124.6	15571	14851	0.95376	1	1.96203	
70127	15572	14851	0.953699	2	1.96196	
70171.3	15584	14863	0.953735	2	1.96072	
70214.4	15588	14867	0.953746	1	1.96213	
70265.7	15603	14881	0.953727	1	1.96137	
70404.4	15637	14914	0.953764	1	1.95946	
70414.2	15640	14916	0.953708	2	1.95918	
70435.8	15648	14924	0.953732	2	1.95858	
70436.1	15648	14924	0.953732	1	1.96298	
70479.5	15658	14933	0.953698	1	1.96238	
70481.8	15659	14933	0.953637	1	1.96234	
70709.8	15728	15001	0.953777	1	1.96033	
70746.8	15743	15015	0.953757	2	1.9593	
70776.6	15751	15023	0.953781	2	1.95847	
70803.8	15756	15028	0.953795	2	1.95772	
70822.6	15758	15030	0.953801	2	1.9572	
70869.9	15772	15044	0.953842	1	1.9612	
70900	15773	15044	0.953782	2	1.96037	
70928.5	15775	15046	0.953788	1	1.96038	
70937.8	15777	15047	0.95373	1	1.96021	
71040.7	15801	15070	0.953737	2	1.95737	
71108.5	15824	15093	0.953804	2	1.95551	
71125.9	15828	15097	0.953816	2	1.95503	
71162.6	15834	15103	0.953834	2	1.95402	
71188.7	15838	15107	0.953845	1	1.95998	
71189.4	15838	15107	0.953845	0	1.96348	
71243.8	15861	15128	0.953786	1	1.96274	
71265.6	15867	15133	0.95374	1	1.9624	
71278.7	15869	15134	0.953683	2	1.96204	
71292.5	15870	15135	0.953686	2	1.96166	
71300	15870	15135	0.953686	1	1.9629	
71328.4	15882	15146	0.953658	1	1.96296	
71368.2	15892	15155	0.953624	1	1.96242	
71396.2	15896	15158	0.953573	1	1.96298	
71416.7	15898	15159	0.953516	1	1.96307	
71475.4	15907	15167	0.95348	2	1.96146	
71491.1	15910	15170	0.953488	1	1.96205	
71627.7	15949	15208	0.953539	2	1.95831	
71631.9	15949	15208	0.953539	1	1.96014	
71652.4	15951	15209	0.953483	1	1.96306	
71668.5	15956	15213	0.953434	1	1.96279	
71769.9	15965	15221	0.953398	2	1.96002	
71780.4	15969	15225	0.95341	2	1.95973	
71786.1	15969	15225	0.95341	1	1.96161	
71806.8	15970	15225	0.95335	1	1.96295	
71815.8	15972	15226	0.953293	1	1.96281	
71858.1	15973	15226	0.953234	1	1.96209	
71879.4	15979	15231	0.953189	1	1.96281	
71937	15989	15240	0.953155	2	1.96123	
71953.1	15991	15242	0.953161	2	1.9608	
71974.8	16000	15251	0.953187	2	1.96021	
71995.8	16006	15257	0.953205	1	1.96145	
72017.4	16010	15260	0.953154	1	1.96269	
72025.3	16011	15260	0.953095	1	1.96288	
72042.1	16014	15262	0.953041	1	1.9626	
72053.4	16015	15262	0.952982	1	1.96243	
72175	16056	15302	0.953039	1	1.9608	
72290.2	16078	15323	0.953041	1	1.96141	
72302.2	16082	15326	0.952991	2	1.96108	
72340.9	16089	15333	0.953011	2	1.96004	
72365.3	16092	15336	0.95302	1	1.96036	
72370.4	16092	15336	0.95302	1	1.96022	
72378	16093	15336	0.952961	2	1.96001	
72438.2	16108	15351	0.953005	1	1.96201	
72505.7	16125	15367	0.952992	1	1.96196	
72516.6	16127	15368	0.952936	1	1.96179	
72555.3	16134	15374	0.952895	1	1.96128	
72562	16135	15374	0.952835	2	1.9611	
72604.7	16136	15375	0.952838	2	1.95994	
72618.3	16137	15376	0.952841	1	1.96196	
72620.6	16137	15376	0.952841	1	1.9619	
72695	16161	15399	0.952849	1	1.96085	
72695.5	16161	15399	0.952849	1	1.96083	
72738.6	16171	15408	0.952817	1	1.96015	
72782.4	16172	15408	0.952758	2	1.95897	
72823.6	16174	15410	0.952764	2	1.95786	
72854	16176	15412	0.95277	2	1.95704	
72854.8	16176	15412	0.95277	2	1.95702	
72988.4	16202	15438	0.952845	2	1.95344	
73023.7	16205	15441	0.952854	2	1.95249	
73040.2	16207	15443	0.95286	1	1.95603	
73060.7	16210	15445	0.952807	1	1.96238	
73171.6	16216	15450	0.952763	1	1.96118	
73183.3	16220	15453	0.952713	2	1.96087	
73184.2	16220	15453	0.952713	2	1.96084	
73232.9	16221	15454	0.952716	1	1.9618	
73264.5	16223	15455	0.95266	1	1.96222	
73277.2	16226	15457	0.952607	1	1.96205	
73378.9	16239	15469	0.952583	1	1.96123	
73392.8	16242	15471	0.95253	2	1.96086	
73416.7	16248	15477	0.952548	1	1.96067	
73417.2	16248	15477	0.952548	1	1.96066	
73543.4	16275	15503	0.952565	1	1.959	
73560.5	16277	15504	0.95251	2	1.95855	
73643.2	16285	15512	0.952533	2	1.95635	
73792.1	16301	15528	0.95258	1	1.95928	
73861.9	16328	15554	0.952597	1	1.95837	
73890.6	16337	15562	0.952562	2	1.9576	
74008.9	16372	15597	0.952663	1	1.96076	
74010.6	16372	15597	0.952663	0	1.96268	
74038.4	16379	15602	0.952561	2	1.96194	
74119.5	16388	15611	0.952587	1	1.96126	
74125.4	16389	15611	0.952529	1	1.96118	
74143.2	16390	15611	0.952471	1	1.96248	
74215.5	16398	15618	0.952433	2	1.96056	
74218.8	16399	15619	0.952436	2	1.96048	
74242.9	16403	15623	0.952448	1	1.96114	
74307.4	16414	15633	0.952419	2	1.95944	
74381.1	16422	15641	0.952442	2	1.9575	
74428.1	16427	15646	0.952456	2	1.95626	
74535.1	16438	15657	0.952488	2	1.95345	
74611.3	16450	15669	0.952523	1	1.95637	
74633.1	16455	15673	0.952476	1	1.95606	
74671.9	16457	15674	0.952421	1	1.96233	
74677.5	16458	15674	0.952364	2	1.96218	
74694.3	16460	15676	0.952369	2	1.96174	
74859.2	16476	15692	0.952416	1	1.95991	
74906.5	16482	15697	0.952372	2	1.95867	
74999.7	16489	15704	0.952393	2	1.95624	
75001.9	16489	15704	0.952393	2	1.95618	
75043.6	16492	15707	0.952401	1	1.96026	
75167.9	16503	15717	0.952372	1	1.95865	
75177	16505	15718	0.952317	2	1.95841	
75181.2	16505	15718	0.952317	1	1.96256	
75201.1	16509	15721	0.952268	2	1.96204	
75299.6	16531	15743	0.952332	1	1.96104	
75308.9	16533	15744	0.952277	2	1.9608	
75377.2	16554	15765	0.952338	1	1.96176	
75400.5	16556	15766	0.952283	1	1.96146	
75415.3	16558	15767	0.952229	2	1.96108	
75475.2	16564	15773	0.952246	2	1.95952	
75562.3	16575	15784	0.952278	2	1.95726	
75774.7	16603	15812	0.952358	1	1.95797	
75847.8	16613	15821	0.952326	2	1.95608	
76044.8	16636	15844	0.952392	2	1.95101	
76098.4	16640	15848	0.952404	1	1.95881	
76144.1	16652	15859	0.952378	2	1.95763	
76378.4	16726	15933	0.952589	1	1.95951	
76465.7	16754	15960	0.952608	1	1.9584	
76496.8	16758	15963	0.95256	2	1.95761	
76510.4	16761	15966	0.952568	1	1.95765	
76517.7	16763	15967	0.952514	1	1.95752	
76526.6	16766	15969	0.952463	2	1.95729	
76560.9	16775	15978	0.952489	1	1.96243	
76561.1	16775	15978	0.952489	1	1.96243	
76592.2	16782	15984	0.952449	1	1.96191	
76593	16782	15984	0.952449	1	1.96189	
76594.6	16782	15984	0.952449	0	1.96283	
76651	16788	15988	0.952347	1	1.96209	
76698.6	16796	15995	0.95231	1	1.96149	
76788.6	16809	16007	0.952287	2	1.9592	
76925.1	16826	16024	0.952336	2	1.95572	
76945.5	16832	16030	0.952353	1	1.9597	
76993	16842	16039	0.952322	1	1.96232	
77038.4	16852	16048	0.952291	1	1.96164	
77064.6	16856	16051	0.952243	2	1.96098	
77174.1	16889	16084	0.952336	1	1.96114	
77201.9	16894	16088	0.952291	1	1.96246	
77213.4	16896	16089	0.952237	1	1.96259	
77291.6	16900	16092	0.952189	2	1.9606	
77331.4	16905	16097	0.952203	1	1.96109	
77376.1	16909	16100	0.952156	2	1.95996	
77487.1	16920	16111	0.952187	2	1.95715	
77519.8	16922	16113	0.952192	1	1.96041	
77590.1	16929	16119	0.952153	2	1.95863	
77626.2	16935	16125	0.95217	2	1.95772	
77634.1	16936	16126	0.952173	1	1.95899	
77641.2	16937	16126	0.952117	1	1.9628	
77643.1	16937	16126	0.952117	1	1.96275	
77653	16941	16129	0.952069	2	1.9625	
77661.2	16945	16133	0.95208	2	1.96229	
77674.2	16948	16136	0.952089	1	1.96243	
77708.4	16956	16143	0.952052	1	1.96236	
77754.1	16969	16155	0.95203	1	1.96214	
77789.8	16987	16172	0.952022	2	1.96124	
77834.3	16999	16184	0.952056	2	1.96012	
77868.1	17008	16193	0.952081	1	1.96131	
77918.2	17028	16212	0.952079	1	1.96066	
77938.5	17031	16214	0.952029	2	1.96015	
77993.8	17038	16221	0.952048	2	1.95876	
78022.7	17046	16229	0.952071	1	1.95935	
78078.1	17059	16241	0.952049	1	1.95867	
78083.8	17061	16242	0.951996	2	1.95852	
78120.6	17071	16252	0.952024	1	1.95809	
78123.3	17071	16252	0.952024	1	1.95802	
78155.3	17081	16261	0.951993	2	1.95722	
78198.5	17094	16274	0.95203	1	1.96167	
78213.7	17098	16277	0.951983	1	1.96144	
78317.7	17115	16293	0.951972	2	1.95884	
78335.6	17116	16294	0.951975	2	1.95839	
78363.3	17117	16295	0.951978	1	1.95959	
78423.9	17125	16302	0.951942	2	1.95807	
78440.7	17128	16305	0.95195	1	1.96168	
78489.2	17138	16314	0.95192	1	1.96203	
78596.8	17176	16351	0.951968	1	1.96119	
78634.5	17181	16355	0.951924	1	1.96062	
78647.8	17184	16357	0.951874	1	1.9622	
78717.3	17197	16369	0.951852	1	1.96147	
78754.6	17200	16371	0.951802	1	1.9609	
78843.8	17210	16380	0.951772	1	1.95979	
78880.1	17223	16392	0.951751	2	1.95889	
78976.6	17237	16406	0.95179	2	1.9565	
79090.5	17265	16434	0.951868	2	1.95368	
79159.6	17281	16450	0.951913	1	1.95596	
79185.6	17291	16459	0.951882	1	1.9621	
79203.2	17295	16462	0.951836	2	1.96167	
79231.1	17300	16467	0.95185	1	1.96154	
79245.2	17302	16468	0.951797	2	1.96119	
79260.9	17303	16469	0.9518	2	1.9608	
79471	17366	16532	0.951975	2	1.95562	
79613.6	17404	16570	0.95208	1	1.95781	
79667.6	17408	16573	0.952034	2	1.95648	
79697	17412	16577	0.952045	1	1.96153	
79723	17421	16585	0.952012	1	1.96215	
79743	17428	16591	0.951974	2	1.96166	
79788.2	17439	16602	0.952004	1	1.9613	
79865.5	17465	16627	0.952018	1	1.96027	
79890.8	17472	16633	0.95198	1	1.95985	
79987.9	17505	16665	0.952014	2	1.95747	
80024.4	17520	16680	0.952055	2	1.95658	
80056.5	17524	16684	0.952066	1	1.96023	
80060.2	17526	16685	0.952014	2	1.96014	
80184.1	17564	16723	0.952118	2	1.95711	
80194.3	17567	16726	0.952126	1	1.95857	
80288.4	17600	16758	0.952159	1	1.95738	
80346.8	17612	16769	0.952135	1	1.96153	
80443.7	17627	16783	0.952119	1	1.96107	
80474.1	17631	16786	0.952073	1	1.9607	
80533.7	17637	16791	0.952033	2	1.95925	
80544.7	17637	16791	0.952033	2	1.95898	
80649.4	17649	16803	0.952065	2	1.95644	
80703.3	17656	16810	0.952084	2	1.95513	
80745.9	17659	16813	0.952092	2	1.9541	
80770.2	17660	16814	0.952095	1	1.95873	
80800	17663	16816	0.952047	1	1.95837	
80814.2	17667	16819	0.952001	1	1.96221	
80815.9	17667	16819	0.952001	1	1.96217	
80881.4	17680	16831	0.95198	2	1.96058	
80892.3	17685	16836	0.951993	2	1.96031	
80940.9	17695	16846	0.95202	2	1.95913	
80992.2	17712	16863	0.952066	2	1.9579	
80993.6	17713	16864	0.952069	2	1.95786	
81073.9	17737	16888	0.952134	1	1.95906	
81100.3	17744	16894	0.952096	2	1.95842	
81136.3	17753	16903	0.952121	2	1.95756	
81230.6	17777	16927	0.952185	2	1.95528	
81311	17802	16952	0.952253	2	1.95335	
81350.1	17811	16961	0.952277	2	1.95241	
81403.7	17826	16976	0.952317	2	1.95113	
81411.8	17826	16976	0.952317	2	1.95093	
81587	17879	17029	0.952458	1	1.95634	
81593.9	17879	17029	0.952458	1	1.95618	
81622.6	17884	17033	0.952416	2	1.95549	
81652.2	17895	17044	0.952445	2	1.95478	
81696.1	17908	17057	0.952479	1	1.95498	
81728.3	17913	17061	0.952437	2	1.95421	
81781.9	17928	17076	0.952477	2	1.95293	
81788.4	17929	17077	0.952479	1	1.96145	
81816.7	17939	17086	0.95245	1	1.96108	
81823.6	17943	17089	0.952405	1	1.96096	
81852.2	17951	17096	0.95237	1	1.9621	
81874.7	17954	17098	0.952323	1	1.96216	
81875.3	17954	17098	0.952323	1	1.96214	
81893.9	17955	17098	0.95227	1	1.96216	
81907.3	17956	17098	0.952217	2	1.96184	
81930.7	17964	17106	0.952238	2	1.96128	
81992.2	17984	17126	0.952291	2	1.95981	
82033.8	17993	17135	0.952315	2	1.95882	
82035.3	17995	17137	0.95232	1	1.96054	
82067.7	18012	17153	0.95231	2	1.95977	
82073.5	18014	17155	0.952315	1	1.9617	
82099.2	18022	17162	0.952281	2	1.96109	
82105.2	18023	17163	0.952283	1	1.96119	
82119.6	18025	17164	0.952233	1	1.96094	
82168.8	18037	17175	0.952209	1	1.96033	
82189.8	18045	17182	0.952175	2	1.95983	
82239.9	18062	17199	0.95222	2	1.95863	
82410.1	18113	17250	0.952355	2	1.95459	
82422.5	18118	17255	0.952368	1	1.95736	
82490.6	18142	17278	0.952376	1	1.95657	
82707.1	18201	17336	0.952475	1	1.95955	
82749.7	18205	17339	0.952431	2	1.95854	
82776.3	18210	17344	0.952444	1	1.96134	
82881.2	18217	17350	0.952407	1	1.96093	
82918.7	18229	17361	0.952384	2	1.96004	
83000	18250	17382	0.952438	2	1.95812	
83066	18260	17392	0.952464	1	1.95998	
83129.2	18284	17415	0.952472	2	1.95849	
83130.3	18284	17415	0.952472	1	1.96143	
83274.9	18323	17453	0.952519	1	1.96049	
83293.4	18325	17454	0.952469	1	1.96198	
83431.1	18342	17470	0.952459	1	1.96037	
83550.1	18353	17480	0.952433	1	1.96087	
83642.2	18381	17507	0.952451	1	1.96122	
83666.8	18395	17520	0.952433	1	1.96201	
83790.1	18429	17553	0.952466	1	1.96053	
83813.8	18435	17558	0.952427	2	1.95998	
83835.6	18438	17561	0.952435	1	1.95999	
83840	18440	17562	0.952386	2	1.95989	
83891.8	18444	17566	0.952396	2	1.95868	
83927.9	18445	17567	0.952399	1	1.96123	
83943	18448	17569	0.952353	2	1.96088	
83951.2	18448	17569	0.952353	1	1.96207	
83972.4	18451	17571	0.952306	2	1.96157	
84068.9	18460	17580	0.952329	1	1.9606	
84121	18463	17582	0.952283	1	1.96164	
84190.7	18471	17589	0.952249	1	1.96082	
84225.9	18474	17591	0.952203	1	1.96182	
84329.3	18482	17598	0.95217	2	1.95942	
84344.2	18484	17600	0.952175	1	1.96033	
84485.7	18523	17638	0.952222	2	1.95705	
84528.9	18542	17657	0.952271	1	1.95996	
84600.9	18566	17680	0.952278	1	1.96132	
84736.6	18579	17692	0.952258	1	1.95975	
84846.2	18595	17707	0.952245	1	1.9585	
84856.5	18597	17708	0.952197	2	1.95826	
84883.6	18601	17712	0.952207	1	1.9618	
84961.8	18610	17720	0.952176	2	1.96	
85001.7	18614	17724	0.952187	1	1.96086	
85006.1	18615	17724	0.952135	1	1.9622	
85044.7	18623	17731	0.952102	2	1.9613	
85154.8	18636	17744	0.952136	2	1.95877	
85230.1	18645	17753	0.952159	2	1.95704	
85232.4	18645	17753	0.952159	1	1.95958	
85345.5	18676	17783	0.952185	2	1.95698	
85424.8	18701	17808	0.952249	1	1.9601	
85445.7	18709	17815	0.952216	2	1.95962	
85482.9	18717	17823	0.952236	1	1.96168	
85483.1	18717	17823	0.952236	0	1.96233	
85610.4	18754	17858	0.952224	1	1.96074	
85621.2	18755	17858	0.952173	2	1.96049	
85660.9	18767	17870	0.952203	1	1.96017	
85678.9	18772	17874	0.952163	2	1.95976	
85706.2	18776	17878	0.952173	2	1.95913	
85738.2	18784	17886	0.952193	1	1.9593	
85745.8	18789	17890	0.952153	1	1.95922	
85756.6	18791	17891	0.952105	1	1.962	
85780.8	18795	17894	0.952062	2	1.96145	
85791	18795	17894	0.952062	2	1.96121	
85893.5	18827	17926	0.952143	2	1.95887	
86054.7	18881	17980	0.95228	1	1.95874	
86069.1	18883	17981	0.952232	1	1.96201	
86081	18885	17982	0.952184	1	1.96201	
86211.6	18899	17995	0.952167	1	1.96052	
86235.9	18904	17999	0.952127	2	1.95997	
86304.4	18908	18003	0.952137	2	1.95841	
86382	18915	18010	0.952154	1	1.96024	
86382.5	18916	18010	0.952104	1	1.96023	
