221.612	15	0	0	14	0.865381	
223.498	15	0	0	14	0.858076	
227.022	15	0	0	14	0.844756	
253.853	17	0	0	15	1.6467	
324.568	20	0	0	18	1.28793	
334.542	20	0	0	18	1.24953	
358.773	23	0	0	18	1.16514	
361.131	23	0	0	18	1.15753	
372.978	26	0	0	19	1.12076	
405.713	27	0	0	20	1.03033	
407.855	27	0	0	20	1.02492	
442.462	31	0	0	19	1.77328	
476.839	39	0	0	19	2.49743	
495.489	40	0	0	18	3.23556	
584.024	46	0	0	17	3.61796	
602.011	47	0	0	18	3.50986	
636.428	57	0	0	18	3.32005	
736.225	60	0	0	17	3.72971	
746.356	62	0	0	17	3.67909	
831.161	75	0	0	17	3.3037	
833.869	77	0	0	18	3.29298	
900.468	84	0	0	18	3.04943	
916.113	89	0	0	19	2.99735	
1030.36	97	0	0	18	3.54682	
1030.49	97	0	0	18	3.54639	
1059.19	99	0	0	20	3.45027	
1104.59	101	0	0	20	3.30847	
1118.65	103	0	0	20	4.15328	
1123.74	103	0	0	20	4.13444	
1152.05	104	0	0	21	4.03285	
1191.09	105	0	0	21	3.90066	
1196.31	107	0	0	21	4.78072	
1210.61	108	0	0	22	4.72427	
1218.76	109	0	0	23	4.69268	
1290.37	117	0	0	24	4.43223	
1317.13	120	0	0	24	4.34221	
1356.27	123	0	0	24	4.21688	
1369.41	123	0	0	24	4.17641	
1371.59	123	0	0	23	5.05147	
1384.11	123	0	0	22	5.88178	
1475.85	128	0	0	21	6.39834	
1521.65	133	0	0	21	6.20574	
1538.94	135	0	0	21	6.13605	
1556.44	137	0	0	22	6.06704	
1579.4	138	0	0	22	5.97884	
1686.46	151	0	0	22	5.59931	
1699.27	154	0	0	23	5.5571	
1731.91	159	0	0	23	6.34565	
1740.52	159	0	0	23	6.31428	
1820.59	167	0	0	23	6.93219	
1849.24	170	0	0	24	6.8248	
1950.69	178	0	0	23	7.35084	
1974.74	180	0	0	23	7.26131	
1985.03	181	0	0	23	8.10313	
2032.38	182	0	0	24	7.91435	
2084.75	184	0	0	24	7.71553	
2098.2	185	0	0	24	7.66607	
2098.59	185	0	0	24	7.66466	
2112.02	185	0	0	24	7.61591	
2143.22	187	0	0	25	7.50505	
2215.97	194	0	0	25	7.25866	
2299.06	207	0	0	26	6.99633	
2307.87	207	0	0	26	6.96961	
2309.02	207	0	0	26	6.96614	
2314.67	208	0	0	27	6.94913	
2342.91	214	0	0	27	6.86539	
2383.3	217	0	0	27	6.74903	
2415.07	218	0	0	27	6.66024	
2506.89	222	0	0	27	6.41629	
2515.68	222	0	0	27	6.39388	
2528.88	222	0	0	26	7.24418	
2576.1	226	0	0	26	7.11139	
2618.07	234	0	0	26	6.99738	
2634	234	0	0	26	6.95505	
2644.3	234	0	0	25	7.8241	
2653.28	234	0	0	25	7.7976	
2788	242	0	0	25	7.42082	
2799.3	245	0	0	25	8.29115	
2848.48	250	0	0	25	8.148	
2861.39	251	0	0	25	8.11124	
2904.32	254	0	0	24	8.03038	
2907.68	254	0	0	24	8.02111	
2937.59	261	0	0	24	7.9494	
2974.47	264	0	0	25	7.85083	
3064.77	268	0	0	25	7.61952	
3066.86	268	0	0	24	7.65411	
3070.78	268	0	0	24	7.64433	
3076.06	268	0	0	24	7.63121	
3076.12	268	0	0	24	7.63106	
3087.8	270	0	0	24	7.60219	
3165.03	279	0	0	25	7.41671	
3221.61	282	0	0	26	7.28644	
3378.55	297	0	0	25	7.01108	
3388.45	298	0	0	25	7.07877	
3528.8	316	0	0	25	6.83646	
3598.67	328	0	0	25	6.76459	
3654.84	332	0	0	25	6.66063	
3715.39	336	0	0	25	6.55208	
3733.59	337	0	0	25	6.52013	
3763.23	342	0	0	25	6.46877	
3768.26	343	0	0	26	6.46014	
3780.24	344	0	0	25	6.50616	
3867.64	358	0	0	25	6.35912	
3900.56	362	0	0	25	6.30546	
3902.8	363	0	0	26	6.30184	
3912.84	363	0	0	25	6.32354	
3913.26	363	0	0	25	6.32287	
3921.64	366	0	0	26	6.31048	
3960.61	368	0	0	26	6.24839	
4001.34	373	0	0	26	6.18477	
4021.77	374	0	0	26	6.15336	
4032.78	375	0	0	25	6.16883	
4048.63	375	0	0	25	6.14468	
4084.06	376	0	0	25	6.09138	
4091.44	377	0	0	25	6.08039	
4162.6	385	0	0	25	5.97645	
4173.4	385	0	0	25	5.96097	
4186.07	387	0	0	25	6.00804	
4204.46	388	0	0	25	5.98174	
4207.2	388	0	0	25	5.97785	
4240.3	390	0	0	26	5.9312	
4247.44	391	0	0	26	5.93776	
4260.42	392	0	0	26	5.91967	
4274.4	394	0	0	26	5.90301	
4276.71	394	0	0	26	5.89983	
4323.65	398	0	0	26	5.85901	
4333.48	400	0	0	26	5.8583	
4333.78	400	0	0	25	5.86019	
4429.63	406	0	0	26	5.73338	
4487.4	411	0	0	26	5.65957	
4532.09	414	0	0	26	5.60376	
4567.93	420	0	0	26	5.55979	
4585.81	425	0	0	26	5.53812	
4601.9	426	0	0	26	5.51876	
4626.73	428	0	0	26	5.48914	
4627.13	428	0	0	26	5.48867	
4739.25	441	0	0	26	5.38232	
4754.49	443	0	0	27	5.36507	
4768.54	446	0	0	26	5.45942	
4784.11	447	0	0	25	5.45089	
4953.76	462	0	0	25	5.26421	
4980	465	0	0	24	5.36477	
5047.19	468	0	0	24	5.29336	
5219.19	484	0	0	24	5.11891	
5234.46	485	0	0	24	5.10397	
5242.97	485	0	0	24	5.0957	
5261.08	485	0	0	24	5.07815	
5263.71	486	0	0	25	5.07562	
5265.2	486	0	0	25	5.07418	
5358.27	495	0	0	25	4.98605	
5405.11	500	0	0	24	4.96926	
5421.48	502	0	0	24	4.95572	
5434.65	502	0	0	24	4.94372	
5464.15	506	0	0	25	4.91702	
5541.37	512	0	0	26	4.84851	
5568.12	512	0	0	26	4.82521	
5586.75	514	0	0	26	4.80913	
5679.55	517	0	0	27	4.73054	
5707.38	519	0	0	27	4.71225	
5710.5	519	0	0	26	4.73044	
5828.12	529	0	0	26	4.7022	
5870.68	531	0	0	25	4.69318	
5923.1	537	0	0	25	4.65165	
5981.2	541	0	0	26	4.60647	
6012.3	543	0	0	26	4.58264	
6015.36	544	0	0	26	4.58031	
6021.03	544	0	0	25	4.59108	
6035.73	546	0	0	26	4.57991	
6115.14	551	0	0	26	4.52043	
6140.43	554	0	0	26	4.6116	
6211.63	560	0	0	26	4.55874	
6229.66	560	0	0	26	4.54555	
6316.57	568	0	0	26	4.48301	
6414.27	574	0	0	27	4.41472	
6456.9	576	0	0	27	4.40703	
6472.79	578	0	0	27	4.40507	
6485.65	578	0	0	27	4.39633	
6567.96	584	0	0	27	4.34124	
6606.74	587	0	0	26	4.33776	
6619.21	589	0	0	25	4.4053	
6643.16	592	0	0	24	4.48298	
6717.04	599	0	0	25	4.43367	
6740.47	600	0	0	25	4.41826	
6754.94	604	0	0	26	4.40879	
6828.81	611	0	0	27	4.3611	
6895.56	616	0	0	26	4.33876	
6907.99	616	0	0	25	4.35499	
6935.36	617	0	0	24	4.3797	
6955.21	622	0	0	24	4.3672	
7059.39	633	0	0	24	4.30276	
7086.58	636	0	0	24	4.28883	
7091.97	636	0	0	24	4.28557	
7104.22	638	0	0	25	4.27818	
7153.99	640	0	0	25	4.24841	
7155.65	640	0	0	25	4.24743	
7176.07	640	0	0	24	4.24683	
7246.4	652	0	0	24	4.20562	
7254.03	654	0	0	25	4.20119	
7283.26	656	0	0	24	4.18907	
7321.83	658	0	0	24	4.167	
7349.26	663	0	0	24	4.15145	
7406.09	669	0	0	25	4.11959	
7472.25	683	0	0	25	4.08312	
7555.43	690	0	0	25	4.03816	
7608.94	699	0	0	26	4.00977	
7667.13	708	0	0	27	3.97933	
7765.99	717	0	0	26	3.95491	
7770.22	718	0	0	26	3.95307	
7790.33	719	0	0	26	3.94287	
7858.35	727	0	0	25	3.94	
7859.36	729	0	0	25	4.00411	
7883.29	730	0	0	25	3.99196	
7895.15	730	0	0	25	3.98596	
7914.74	732	0	0	26	3.98316	
7959.67	736	0	0	26	3.96068	
8029.49	744	0	0	27	3.92624	
8060.95	747	0	0	26	3.93078	
8073.1	750	0	0	26	3.92487	
8118.19	755	0	0	26	3.92188	
8148.74	760	0	0	27	3.90717	
8192.43	765	0	0	26	3.89506	
8309.25	774	0	0	27	3.8403	
8345.63	776	0	0	27	3.82356	
8401	780	0	0	27	3.85769	
8452.41	784	0	0	26	3.86474	
8469.53	785	0	0	26	3.90349	
8494.29	791	0	0	26	3.895	
8525.73	795	0	0	27	3.88063	
8556.42	797	0	0	27	3.86671	
8614.35	800	0	0	27	3.84071	
8631.97	802	0	0	26	3.84866	
8645.05	803	0	0	25	3.87718	
8752.08	812	0	0	26	3.82976	
8787.73	815	0	0	27	3.81423	
8813.94	816	0	0	27	3.80289	
8879.2	825	0	0	27	3.77494	
8927.56	825	0	0	26	3.78612	
8993.5	829	0	0	25	3.81815	
9005.34	829	0	0	25	3.81314	
9054.74	832	0	0	25	3.79233	
9081.8	838	0	0	25	3.81719	
9141.18	844	0	0	25	3.80163	
9164.83	844	0	0	25	3.79182	
9236.21	851	0	0	26	3.76251	
9250.6	853	0	0	26	3.76523	
9265.01	854	0	0	26	3.76034	
9335.9	856	0	0	26	3.73179	
9390.36	868	0	0	27	3.71014	
9423.99	870	0	0	26	3.71656	
9469.08	873	0	0	25	3.73957	
9509.8	874	0	0	25	3.72356	
9628.4	883	0	0	26	3.67769	
9644.39	884	0	0	26	3.6716	
9670.91	887	0	0	26	3.66153	
9716.32	890	0	0	26	3.64441	
9716.97	890	0	0	26	3.64417	
9755.45	893	0	0	26	3.67254	
9774.52	895	0	0	26	3.66538	
9850.03	905	0	0	26	3.63728	
9905.85	907	0	0	26	3.61678	
9913.66	909	0	0	26	3.61393	
10064.4	917	0	0	26	3.55979	
10120.7	920	0	0	26	3.54001	
10173.7	921	0	0	26	3.52634	
10185	922	0	0	26	3.52243	
10199.3	922	0	0	26	3.51747	
10219.5	925	0	0	26	3.51054	
10236.9	927	0	0	26	3.55399	
10483.3	955	0	0	26	3.56294	
10488.7	955	0	0	25	3.5866	
10494.7	955	0	0	25	3.58455	
10496	955	0	0	25	3.58413	
10499.7	956	0	0	25	3.58302	
10524.2	959	0	0	25	3.57469	
10572.9	966	0	0	25	3.55821	
10607.4	967	0	0	24	3.58121	
10638.9	972	0	0	25	3.57062	
10641.4	973	0	0	25	3.5698	
10664.5	974	0	0	25	3.56208	
10864.3	990	0	0	25	3.49656	
10895.1	993	0	0	24	3.51299	
10909.8	995	0	0	25	3.50827	
10938.3	1000	0	0	26	3.49912	
10943.8	1001	0	0	26	3.49737	
10957	1003	0	0	25	3.49811	
10961.5	1003	0	0	25	3.49667	
11077.4	1023	0	0	26	3.4601	
11177.2	1038	0	0	27	3.42921	
11250.3	1046	0	0	26	3.43254	
11337	1059	0	0	26	3.4437	
11510	1072	0	0	26	3.39194	
11553.2	1074	0	0	25	3.42039	
11574.5	1075	0	0	24	3.44159	
11589.1	1075	0	0	24	3.43727	
11600.4	1075	0	0	24	3.4339	
11626.6	1076	0	0	24	3.42616	
11661.8	1078	0	0	24	3.41582	
11680.2	1079	0	0	24	3.41044	
11687.1	1079	0	0	24	3.40844	
11692.3	1080	0	0	24	3.40693	
11711	1082	0	0	24	3.40149	
11749.4	1089	0	0	24	3.39037	
11750.5	1089	0	0	24	3.39007	
11763.5	1091	0	0	24	3.38632	
11839.7	1099	0	0	24	3.36453	
11889.2	1103	0	0	24	3.35415	
11893	1103	0	0	24	3.3531	
11932.2	1105	0	0	24	3.34209	
11973.6	1110	0	0	24	3.33052	
11989.4	1111	0	0	25	3.32615	
11996.3	1111	0	0	24	3.32532	
12014.5	1112	0	0	24	3.32027	
12036.3	1113	0	0	24	3.31425	
12058.4	1116	0	0	25	3.30817	
12148.4	1124	0	0	24	3.2929	
12155.1	1125	0	0	24	3.29109	
12246.5	1135	0	0	24	3.26652	
12251.2	1137	0	0	25	3.26526	
12281.9	1139	0	0	25	3.25946	
12288.4	1139	0	0	25	3.25775	
12294.5	1140	0	0	26	3.25612	
12309.5	1143	0	0	27	3.25215	
12333.3	1145	0	0	27	3.24904	
12366.7	1147	0	0	27	3.24027	
12398.5	1153	0	0	27	3.23435	
12457.4	1161	0	0	28	3.21904	
12535.7	1168	0	0	27	3.21748	
12600.4	1172	0	0	27	3.20602	
12671.5	1176	0	0	28	3.18802	
12683.4	1177	0	0	27	3.20745	
12686.2	1178	0	0	28	3.20674	
12700.6	1179	0	0	28	3.23384	
12716.4	1180	0	0	28	3.26677	
12761.4	1184	0	0	27	3.25974	
12787.2	1188	0	0	27	3.25314	
12946.2	1202	0	0	27	3.22543	
13053.2	1212	0	0	28	3.199	
13060.7	1213	0	0	27	3.22594	
13072.8	1213	0	0	26	3.23208	
13165.7	1224	0	0	27	3.20925	
13167.8	1224	0	0	26	3.21591	
13198.7	1225	0	0	27	3.20837	
13221.1	1226	0	0	26	3.24303	
13230.5	1226	0	0	26	3.24072	
13284.2	1229	0	0	27	3.22762	
13348	1238	0	0	27	3.22098	
13357.2	1240	0	0	27	3.23076	
13430.8	1246	0	0	26	3.21894	
13531.1	1259	0	0	26	3.19508	
13557.9	1264	0	0	26	3.2592	
13672	1276	0	0	27	3.23201	
13685	1279	0	0	28	3.22894	
13769.3	1289	0	0	28	3.21603	
13794.8	1291	0	0	28	3.21193	
13909.2	1302	0	0	28	3.20153	
13936.2	1305	0	0	27	3.24187	
14012.9	1311	0	0	27	3.22952	
14088	1311	0	0	27	3.21231	
14141.1	1318	0	0	27	3.24115	
14151	1319	0	0	27	3.2389	
14222.2	1326	0	0	26	3.23203	
14262.6	1332	0	0	26	3.22286	
14283.2	1333	0	0	26	3.21823	
14289.9	1333	0	0	25	3.25129	
14309.2	1335	0	0	25	3.24691	
14339.9	1339	0	0	24	3.29604	
14359.5	1340	0	0	25	3.29153	
14402.8	1343	0	0	25	3.28164	
14426.2	1345	0	0	24	3.28173	
14442.3	1346	0	0	24	3.2785	
14449.3	1346	0	0	24	3.27692	
14597.9	1358	0	0	24	3.24355	
14645.5	1358	0	0	24	3.23302	
14750.6	1369	0	0	24	3.20998	
14776.8	1372	0	0	24	3.20428	
14908.6	1382	0	0	24	3.18473	
14909	1382	0	0	24	3.18466	
14924.2	1385	0	0	25	3.1814	
15073.5	1400	0	0	25	3.14989	
15091.7	1402	0	0	25	3.1461	
15118.9	1404	0	0	25	3.14043	
15131.4	1405	0	0	25	3.13784	
15137.7	1405	0	0	25	3.13654	
15227.8	1408	0	0	25	3.11799	
15252.6	1409	0	0	25	3.11291	
15262.5	1409	0	0	25	3.11089	
15328.5	1416	0	0	25	3.0975	
15332.9	1416	0	0	25	3.09661	
15367.6	1418	0	0	25	3.08961	
15412.6	1422	0	0	26	3.08059	
15439.1	1424	0	0	26	3.07531	
15491.3	1429	0	0	27	3.06495	
15524.6	1431	0	0	27	3.06005	
15645.3	1443	0	0	27	3.04411	
15651.1	1444	0	0	27	3.05651	
15696.6	1449	0	0	27	3.04766	
15736.5	1451	0	0	27	3.03993	
15781.4	1455	0	0	26	3.05657	
15863.5	1469	0	0	26	3.05422	
16049.9	1486	0	0	26	3.02981	
16091.9	1491	0	0	25	3.09537	
16092.5	1491	0	0	25	3.09525	
16126.9	1495	0	0	26	3.08866	
16144.8	1499	0	0	26	3.0862	
16402.4	1525	0	0	25	3.07535	
16457.4	1529	0	0	26	3.06509	
16543.6	1536	0	0	25	3.07633	
16614.5	1544	0	0	26	3.06319	
16673.5	1549	0	0	26	3.05237	
16703.2	1551	0	0	25	3.0649	
16732.3	1555	0	0	25	3.06106	
16737	1556	0	0	25	3.06021	
16837.6	1568	0	0	25	3.04755	
16853.2	1568	0	0	25	3.04473	
16943.3	1579	0	0	25	3.02855	
16974.9	1581	0	0	24	3.04805	
16978.3	1582	0	0	25	3.04743	
17001.6	1584	0	0	26	3.04326	
17004	1584	0	0	26	3.04283	
17043.3	1590	0	0	26	3.03965	
17128.4	1594	0	0	26	3.02456	
17133.2	1594	0	0	25	3.03265	
17245.9	1608	0	0	25	3.01284	
17260.6	1609	0	0	25	3.01027	
17266.5	1609	0	0	25	3.00925	
17316.3	1614	0	0	25	3.00059	
17354.8	1616	0	0	25	2.99393	
17375.5	1616	0	0	24	3.01143	
17394.3	1618	0	0	25	3.00818	
17447.5	1625	0	0	25	2.999	
17456.6	1625	0	0	25	2.99744	
17461.4	1625	0	0	25	2.99662	
17490.3	1628	0	0	26	2.99168	
17608.5	1638	0	0	26	2.97158	
17633	1639	0	0	26	2.96745	
17658.6	1642	0	0	25	2.97378	
17673.9	1644	0	0	26	2.97121	
17674.8	1644	0	0	26	2.97105	
17679.7	1645	0	0	26	2.97046	
17695.3	1647	0	0	26	2.98586	
17731.1	1650	0	0	26	2.97983	
17750.6	1652	0	0	26	2.97656	
17767.5	1656	0	0	25	2.97985	
17809.8	1662	0	0	25	2.97277	
17837.7	1662	0	0	24	2.97688	
17864.6	1667	0	0	24	2.97239	
17884.7	1668	0	0	24	2.96906	
17887.6	1668	0	0	24	2.96856	
17932	1672	0	0	24	2.96122	
18070.9	1682	0	0	25	2.93846	
18078	1682	0	0	25	2.9373	
18093	1683	0	0	25	2.93486	
18106.8	1683	0	0	25	2.93263	
18131.2	1686	0	0	26	2.92869	
18159.7	1691	0	0	26	2.92409	
18360.2	1708	0	0	25	2.90584	
18386	1712	0	0	26	2.90176	
18399.7	1714	0	0	27	2.8996	
18446.5	1718	0	0	27	2.89224	
18480.3	1719	0	0	27	2.88696	
18513.2	1722	0	0	27	2.88182	
18579.2	1730	0	0	27	2.90639	
18582.9	1730	0	0	27	2.9058	
18585.4	1730	0	0	27	2.90542	
18617.6	1734	0	0	27	2.90039	
18622.3	1735	0	0	27	2.89965	
18622.9	1736	0	0	27	2.91224	
18630.9	1736	0	0	26	2.91728	
18643.2	1737	0	0	26	2.93018	
18800.6	1748	0	0	26	2.90565	
18804.3	1748	0	0	26	2.90509	
18871.4	1754	0	0	26	2.90747	
18983.2	1762	0	0	26	2.89593	
19043.5	1765	0	0	26	2.89928	
19054.2	1766	0	0	25	2.90117	
19101.1	1771	0	0	25	2.89405	
19103.4	1771	0	0	25	2.89368	
19116.1	1771	0	0	25	2.89177	
19141.5	1775	0	0	25	2.88904	
19171.4	1779	0	0	24	2.91315	
19221.3	1784	0	0	24	2.90559	
19280.3	1786	0	0	24	2.89669	
19289.6	1786	0	0	24	2.8953	
19299.1	1787	0	0	24	2.89388	
19311.5	1788	0	0	24	2.89202	
19319.9	1789	0	0	25	2.89075	
19367.9	1796	0	0	25	2.88603	
19443.9	1803	0	0	25	2.88122	
19523.4	1811	0	0	25	2.86948	
19526.6	1811	0	0	25	2.86901	
19534.5	1813	0	0	25	2.86819	
19564.7	1815	0	0	25	2.86377	
19587.4	1816	0	0	25	2.86046	
19594.6	1817	0	0	25	2.85941	
19632.8	1820	0	0	26	2.85383	
19685.5	1823	0	0	26	2.8462	
19770.1	1831	0	0	25	2.84256	
19804.2	1832	0	0	25	2.83766	
19857.8	1836	0	0	24	2.85465	
19889.3	1837	0	0	24	2.85012	
19943.1	1843	0	0	24	2.84244	
19946.6	1843	0	0	24	2.84194	
19969.5	1844	0	0	24	2.83868	
20003.6	1848	0	0	25	2.83384	
20055.8	1853	0	0	25	2.82647	
20097.7	1859	0	0	25	2.82058	
20103.3	1859	0	0	25	2.81978	
20145.8	1862	0	0	25	2.82224	
20214.4	1873	0	0	25	2.81581	
20305.7	1880	0	0	24	2.81295	
20325.9	1883	0	0	24	2.81092	
20374.1	1886	0	0	24	2.80427	
20396.2	1888	0	0	24	2.80124	
20404.5	1889	0	0	25	2.8001	
20410.5	1889	0	0	25	2.79928	
20415.9	1889	0	0	25	2.79854	
20458.1	1891	0	0	24	2.79578	
20506.1	1897	0	0	24	2.79152	
20508.4	1897	0	0	24	2.79121	
20608	1902	0	0	24	2.77772	
20659.2	1908	0	0	24	2.77084	
20687.1	1910	0	0	24	2.76711	
20713.7	1910	0	0	24	2.76355	
20733.9	1911	0	0	24	2.76086	
20737.7	1912	0	0	25	2.76036	
20749.7	1914	0	0	26	2.75875	
20762.5	1914	0	0	25	2.75827	
20782.7	1916	0	0	25	2.75771	
20803	1917	0	0	26	2.75502	
20844.4	1920	0	0	27	2.74954	
20995.7	1934	0	0	26	2.73884	
21040	1937	0	0	26	2.73307	
21055.4	1941	0	0	26	2.73107	
21075.5	1944	0	0	26	2.74328	
21099	1946	0	0	25	2.74217	
21159.3	1955	0	0	26	2.73436	
21234.1	1961	0	0	27	2.72472	
21246.2	1962	0	0	27	2.72318	
21248.2	1963	0	0	27	2.74475	
21272	1966	0	0	27	2.74288	
21305	1970	0	0	27	2.73863	
21307.8	1972	0	0	27	2.74105	
21354.9	1974	0	0	27	2.73501	
21357.3	1974	0	0	26	2.73708	
21358.6	1974	0	0	25	2.74902	
21441.2	1982	0	0	25	2.73844	
21474	1988	0	0	25	2.73425	
21526.7	1993	0	0	25	2.74443	
21535.6	1993	0	0	25	2.74329	
21566.5	1994	0	0	24	2.7435	
21619.9	1998	0	0	25	2.73672	
21706.1	2005	0	0	26	2.72585	
21740.8	2008	0	0	26	2.72945	
21793	2010	0	0	25	2.73076	
21862.1	2021	0	0	25	2.72214	
21864.8	2021	0	0	25	2.72179	
21895.4	2023	0	0	25	2.71877	
21908.1	2023	0	0	25	2.71718	
21918.2	2025	0	0	25	2.71593	
21934.9	2026	0	0	25	2.71386	
21952.8	2030	0	0	25	2.71165	
21958.2	2031	0	0	25	2.71099	
21984.2	2031	0	0	25	2.70779	
21999.8	2032	0	0	24	2.71915	
22067.1	2036	0	0	25	2.71086	
22099.3	2038	0	0	25	2.70833	
22197.8	2044	0	0	25	2.70504	
22222.1	2050	0	0	24	2.70755	
22257	2053	0	0	24	2.7033	
22310.2	2055	0	0	24	2.69685	
22331	2058	0	0	25	2.69435	
22408.5	2065	0	0	25	2.68927	
22438.4	2065	0	0	25	2.68568	
22454.5	2068	0	0	25	2.6891	
22500.1	2069	0	0	24	2.68617	
22502.5	2069	0	0	24	2.68588	
22516.3	2070	0	0	25	2.68424	
22537.8	2074	0	0	25	2.68299	
22559	2076	0	0	25	2.68046	
22598.2	2082	0	0	25	2.67941	
22605.5	2083	0	0	25	2.67865	
22642.3	2088	0	0	25	2.6743	
22664.3	2091	0	0	25	2.6717	
22679.5	2091	0	0	25	2.66991	
22708.5	2095	0	0	26	2.6665	
22763.4	2098	0	0	26	2.6637	
22825.3	2101	0	0	26	2.65647	
22844.8	2103	0	0	26	2.65421	
22854.7	2105	0	0	26	2.65306	
22888.6	2107	0	0	26	2.64913	
22939	2111	0	0	26	2.6597	
22980.4	2117	0	0	26	2.65492	
23001.9	2119	0	0	26	2.65244	
23172.2	2137	0	0	26	2.63294	
23176.9	2139	0	0	26	2.63241	
23315.2	2151	0	0	25	2.63413	
23320.9	2152	0	0	25	2.63349	
23325.7	2152	0	0	25	2.63294	
23341.7	2153	0	0	24	2.6582	
23357.7	2153	0	0	24	2.65639	
23394.2	2154	0	0	24	2.65224	
23396.1	2154	0	0	24	2.65202	
23425.1	2159	0	0	25	2.64874	
23432.7	2160	0	0	24	2.64942	
23444.9	2160	0	0	24	2.64804	
23489.4	2166	0	0	25	2.64302	
23513.6	2167	0	0	25	2.64031	
23524.6	2168	0	0	25	2.6394	
23561.1	2172	0	0	25	2.63531	
23591.3	2172	0	0	25	2.63194	
23611.3	2175	0	0	25	2.62971	
23618.8	2178	0	0	25	2.62915	
23657.9	2180	0	0	25	2.62481	
23676.5	2182	0	0	25	2.62275	
23744.9	2186	0	0	26	2.61519	
23745.7	2186	0	0	25	2.61786	
23786.6	2192	0	0	26	2.61336	
23823.1	2192	0	0	26	2.60936	
23837.9	2192	0	0	26	2.60774	
23934.8	2204	0	0	27	2.59718	
23935.7	2204	0	0	27	2.59708	
23946	2205	0	0	27	2.59596	
24017.2	2211	0	0	26	2.59558	
24020.3	2211	0	0	26	2.59525	
24061.7	2214	0	0	26	2.59079	
24106.4	2217	0	0	26	2.58598	
24162.9	2219	0	0	25	2.59702	
24207	2223	0	0	26	2.59229	
24219.3	2224	0	0	25	2.62289	
24228.4	2226	0	0	26	2.62191	
24247.5	2229	0	0	26	2.61984	
24378.2	2237	0	0	25	2.61433	
24420	2240	0	0	25	2.60986	
24438.8	2240	0	0	24	2.61681	
24478	2244	0	0	24	2.61262	
24528.3	2252	0	0	24	2.60726	
24528.5	2253	0	0	25	2.60724	
24534.3	2253	0	0	24	2.60687	
24554.7	2256	0	0	25	2.6047	
24577.8	2257	0	0	25	2.60397	
24584.2	2258	0	0	24	2.60447	
24586.9	2258	0	0	24	2.60417	
24597.6	2258	0	0	24	2.60304	
24622.7	2260	0	0	24	2.60039	
24635.6	2261	0	0	24	2.59903	
24646.6	2261	0	0	24	2.59786	
24678.6	2263	0	0	24	2.59574	
24685.2	2263	0	0	24	2.59505	
24709.8	2265	0	0	25	2.59247	
24739.2	2268	0	0	26	2.58938	
24772.9	2272	0	0	26	2.5884	
24857.1	2279	0	0	26	2.58655	
24876.5	2280	0	0	26	2.58453	
24918.7	2282	0	0	26	2.58016	
24966.1	2287	0	0	26	2.57525	
24994.7	2289	0	0	27	2.57231	
24997.4	2289	0	0	26	2.58231	
25001	2289	0	0	26	2.58194	
25006.5	2289	0	0	25	2.59056	
25011.9	2289	0	0	25	2.59001	
25118.6	2291	0	0	25	2.57901	
25154.6	2294	0	0	25	2.5828	
25193.2	2297	0	0	25	2.58028	
25236.6	2301	0	0	25	2.57584	
25261.5	2303	0	0	25	2.5733	
25286.4	2307	0	0	26	2.57077	
25303.1	2310	0	0	26	2.57029	
25318.8	2311	0	0	25	2.56996	
25429.2	2322	0	0	26	2.55879	
25573.3	2329	0	0	26	2.54438	
25624.3	2338	0	0	26	2.53932	
25663	2342	0	0	27	2.53549	
25668.2	2342	0	0	26	2.55632	
25680.3	2343	0	0	26	2.55511	
25752.4	2358	0	0	26	2.56467	
25783	2363	0	0	26	2.56163	
25816.3	2366	0	0	26	2.56566	
25841	2367	0	0	25	2.56938	
25855.7	2367	0	0	25	2.56792	
25875.9	2368	0	0	24	2.56945	
25992.8	2381	0	0	25	2.55789	
26039.6	2387	0	0	25	2.55329	
26063.2	2389	0	0	25	2.55098	
26143.3	2398	0	0	24	2.55325	
26153.2	2398	0	0	24	2.55228	
26171.2	2400	0	0	24	2.55053	
26184.8	2400	0	0	24	2.5492	
26277	2407	0	0	24	2.54026	
26281.3	2407	0	0	24	2.53984	
26448.1	2419	0	0	24	2.52383	
26472.3	2420	0	0	24	2.52152	
26518.3	2422	0	0	25	2.51714	
26522.9	2423	0	0	26	2.51671	
26567.5	2425	0	0	26	2.51248	
26602.6	2428	0	0	26	2.50917	
26602.9	2429	0	0	27	2.50914	
26653.8	2430	0	0	27	2.50434	
26681.9	2431	0	0	26	2.5094	
26695.3	2434	0	0	26	2.51161	
26696.8	2434	0	0	26	2.51147	
26716.8	2437	0	0	26	2.51695	
26731.8	2437	0	0	25	2.51736	
26774	2442	0	0	25	2.5134	
26795.5	2445	0	0	24	2.51475	
26844	2452	0	0	24	2.5102	
26851.9	2452	0	0	24	2.50947	
26878.8	2452	0	0	24	2.50695	
26912.5	2454	0	0	25	2.50381	
26934	2457	0	0	25	2.50255	
26949.4	2458	0	0	25	2.50111	
27000.4	2466	0	0	26	2.49639	
27017	2467	0	0	26	2.49485	
27045.7	2469	0	0	26	2.49221	
27067.4	2470	0	0	26	2.49021	
27088.9	2470	0	0	26	2.48824	
27094.2	2470	0	0	26	2.48775	
27129.2	2471	0	0	26	2.48454	
27186.6	2473	0	0	26	2.47929	
27218.8	2473	0	0	25	2.48625	
27284.4	2484	0	0	25	2.49478	
27348.3	2490	0	0	26	2.48895	
27354.2	2490	0	0	26	2.48841	
27392.3	2493	0	0	26	2.48862	
27425.6	2496	0	0	26	2.48805	
27448.4	2497	0	0	25	2.48792	
27454.8	2499	0	0	25	2.48734	
27475.5	2499	0	0	25	2.48547	
27479.6	2499	0	0	25	2.48509	
27494.8	2502	0	0	26	2.48372	
27594.7	2515	0	0	25	2.48831	
27725.5	2523	0	0	25	2.47658	
27769.7	2526	0	0	25	2.47263	
27811.4	2528	0	0	25	2.46893	
27830.4	2529	0	0	25	2.46783	
27902.4	2539	0	0	26	2.46146	
27937.7	2540	0	0	26	2.45938	
28017	2551	0	0	26	2.45517	
28087.4	2556	0	0	26	2.44902	
28147.6	2559	0	0	27	2.44379	
28244.8	2569	0	0	27	2.44996	
28266.6	2569	0	0	26	2.47572	
28273.1	2569	0	0	26	2.47516	
28277	2569	0	0	25	2.4815	
28277.2	2569	0	0	25	2.48148	
28293.8	2569	0	0	24	2.48509	
28297.2	2570	0	0	24	2.4849	
28311.2	2571	0	0	25	2.48367	
28386.6	2579	0	0	26	2.47707	
28513.5	2591	0	0	26	2.47351	
28535.9	2593	0	0	25	2.4767	
28582.6	2598	0	0	25	2.48207	
28589.1	2598	0	0	24	2.48314	
28625.3	2601	0	0	25	2.48	
28635.1	2602	0	0	25	2.47914	
28645	2604	0	0	26	2.47829	
28676.1	2604	0	0	25	2.47676	
28772.6	2614	0	0	24	2.47471	
28819.6	2623	0	0	25	2.47067	
28833.3	2626	0	0	25	2.4695	
28838.9	2626	0	0	25	2.46902	
28858.9	2627	0	0	26	2.46731	
28959.8	2636	0	0	26	2.46517	
28977.4	2639	0	0	26	2.46367	
28988.8	2642	0	0	26	2.4627	
28995.3	2642	0	0	25	2.46751	
29015.1	2646	0	0	26	2.46582	
29029.8	2648	0	0	26	2.46504	
29150.1	2658	0	0	26	2.45487	
29151.2	2658	0	0	25	2.46468	
29282.6	2672	0	0	25	2.45362	
29289.3	2672	0	0	24	2.46304	
29347.9	2682	0	0	25	2.45813	
29382	2684	0	0	24	2.45841	
29402.8	2684	0	0	24	2.45667	
29450.1	2686	0	0	24	2.45272	
29463.9	2687	0	0	25	2.45157	
29478.1	2687	0	0	25	2.45039	
29494.5	2687	0	0	25	2.44903	
29526.9	2688	0	0	25	2.44634	
29589.4	2690	0	0	25	2.44117	
29660.6	2698	0	0	25	2.43769	
29669.1	2699	0	0	25	2.437	
29796.2	2711	0	0	25	2.4266	
29808.3	2712	0	0	26	2.42561	
29814.9	2713	0	0	26	2.42508	
29822.2	2714	0	0	26	2.42526	
29833	2714	0	0	26	2.42438	
29893.1	2719	0	0	26	2.41951	
29946.1	2727	0	0	25	2.43172	
29965	2730	0	0	25	2.43019	
30057	2735	0	0	25	2.42275	
30077.9	2738	0	0	26	2.42106	
30119.5	2742	0	0	27	2.41772	
30135.1	2744	0	0	28	2.41647	
30138.6	2745	0	0	28	2.41856	
30187.4	2748	0	0	27	2.41818	
30240	2759	0	0	27	2.41741	
30298.5	2761	0	0	26	2.41864	
30421	2775	0	0	26	2.40891	
30427.1	2775	0	0	26	2.40842	
30443.3	2777	0	0	27	2.40714	
30443.6	2777	0	0	26	2.40752	
30631.7	2788	0	0	26	2.39273	
30634.4	2788	0	0	26	2.39252	
30638.6	2788	0	0	25	2.40676	
30664.5	2792	0	0	24	2.43239	
30779.2	2803	0	0	24	2.42332	
30817.6	2805	0	0	24	2.42147	
30837.1	2809	0	0	24	2.41994	
30852.9	2811	0	0	24	2.4187	
30864.5	2811	0	0	24	2.41779	
30894.7	2813	0	0	24	2.41543	
30915.1	2814	0	0	24	2.41383	
30954.5	2819	0	0	25	2.41076	
30982.8	2820	0	0	25	2.40856	
31013.9	2822	0	0	26	2.40614	
31052	2826	0	0	25	2.40538	
31094	2830	0	0	24	2.40784	
31099.5	2832	0	0	25	2.40742	
31133.6	2834	0	0	25	2.40479	
31171	2836	0	0	25	2.4019	
31179.2	2837	0	0	25	2.40127	
31231.4	2841	0	0	24	2.40162	
31264.2	2842	0	0	24	2.39911	
31276.9	2843	0	0	24	2.39812	
31312.3	2846	0	0	24	2.39541	
31391.9	2853	0	0	24	2.38935	
31416.9	2855	0	0	24	2.38744	
31428.4	2856	0	0	24	2.38657	
31446.4	2857	0	0	24	2.3852	
31459.4	2859	0	0	24	2.38422	
31464.3	2859	0	0	24	2.38385	
31493.1	2860	0	0	24	2.38166	
31516.8	2862	0	0	24	2.37987	
31518.4	2862	0	0	24	2.37976	
31535.7	2864	0	0	24	2.37845	
31640.2	2868	0	0	24	2.37059	
31676.1	2868	0	0	24	2.3679	
31824.8	2885	0	0	24	2.35684	
31838.3	2886	0	0	25	2.35584	
31984	2902	0	0	25	2.34986	
32011.7	2905	0	0	26	2.34783	
32019.7	2906	0	0	25	2.34791	
32088.7	2915	0	0	26	2.34285	
32109.2	2915	0	0	26	2.34136	
32170.6	2923	0	0	25	2.34148	
32208.1	2927	0	0	25	2.33989	
32225.8	2927	0	0	25	2.3386	
32305.1	2934	0	0	26	2.33506	
32305.6	2934	0	0	26	2.33503	
32351.4	2936	0	0	26	2.33172	
32351.6	2936	0	0	26	2.3317	
32364.1	2940	0	0	27	2.33455	
32417.7	2945	0	0	27	2.33069	
32451.8	2950	0	0	27	2.33125	
32456.5	2951	0	0	27	2.33093	
32492.3	2954	0	0	27	2.32835	
32510.8	2957	0	0	26	2.32964	
32535.7	2961	0	0	26	2.33342	
32566.3	2965	0	0	26	2.33122	
32567.9	2966	0	0	26	2.33111	
32639.7	2968	0	0	26	2.32598	
32709.7	2976	0	0	26	2.321	
32766.9	2979	0	0	26	2.32475	
32773.2	2980	0	0	26	2.32431	
32811.4	2984	0	0	25	2.32462	
32834.3	2987	0	0	25	2.35299	
32846.1	2988	0	0	25	2.35215	
32918.9	2996	0	0	25	2.34694	
32984.8	3001	0	0	25	2.34225	
32995.2	3001	0	0	24	2.34676	
33028.7	3003	0	0	24	2.34438	
33079.4	3007	0	0	24	2.34079	
33092.4	3007	0	0	24	2.33987	
33112.5	3012	0	0	24	2.33845	
33113	3012	0	0	24	2.33841	
33236.6	3022	0	0	25	2.32972	
33291.5	3027	0	0	24	2.33122	
33319.1	3033	0	0	24	2.32929	
33364.6	3037	0	0	25	2.32612	
33379.8	3037	0	0	25	2.32505	
33397.6	3037	0	0	25	2.32382	
33408.3	3038	0	0	25	2.32308	
33469.8	3040	0	0	24	2.32325	
33584.3	3050	0	0	24	2.31533	
33584.4	3050	0	0	24	2.31532	
33682.3	3055	0	0	25	2.30859	
33771.3	3061	0	0	25	2.30251	
33776	3061	0	0	24	2.30781	
33787.7	3063	0	0	24	2.30701	
33832.9	3066	0	0	24	2.30392	
33859.1	3069	0	0	25	2.30215	
33859.9	3069	0	0	25	2.30208	
33971.1	3081	0	0	25	2.29455	
34043.4	3086	0	0	26	2.28968	
34192.9	3100	0	0	25	2.28984	
34212.9	3101	0	0	25	2.2885	
34226.6	3101	0	0	24	2.29485	
34229	3102	0	0	25	2.29469	
34275.3	3104	0	0	26	2.29159	
34289.7	3105	0	0	26	2.29063	
34349.4	3112	0	0	26	2.28823	
34355.1	3112	0	0	25	2.29158	
34364.3	3113	0	0	25	2.29489	
34393.8	3116	0	0	26	2.29292	
34594.8	3136	0	0	26	2.2796	
34609.3	3136	0	0	26	2.27864	
34614.1	3136	0	0	26	2.27833	
34631.7	3140	0	0	25	2.28479	
34638	3140	0	0	25	2.28437	
34701.8	3148	0	0	25	2.29007	
34775	3157	0	0	25	2.28525	
34799.8	3159	0	0	24	2.28824	
34863.2	3165	0	0	24	2.28408	
34873	3165	0	0	24	2.28344	
34898	3167	0	0	24	2.2818	
34964.6	3175	0	0	24	2.27746	
34973.9	3176	0	0	25	2.27685	
35007.3	3180	0	0	25	2.27572	
35040	3182	0	0	25	2.27359	
35112.1	3187	0	0	25	2.27282	
35161.4	3191	0	0	25	2.26963	
35274	3204	0	0	26	2.26239	
35430	3220	0	0	26	2.25991	
35455.4	3222	0	0	26	2.25829	
35523.5	3230	0	0	26	2.26753	
35544.1	3233	0	0	27	2.26622	
35553.8	3234	0	0	28	2.2656	
35608.5	3236	0	0	27	2.26445	
35679.2	3246	0	0	27	2.26366	
35683.1	3246	0	0	26	2.26974	
35697.9	3246	0	0	26	2.26881	
35714.7	3249	0	0	27	2.26774	
35731.6	3249	0	0	26	2.27006	
35819.3	3253	0	0	26	2.2645	
35855.7	3256	0	0	26	2.26321	
35923.7	3263	0	0	26	2.25892	
35979.4	3268	0	0	26	2.25542	
35990.7	3270	0	0	26	2.25471	
36027.6	3275	0	0	25	2.27327	
36046.8	3276	0	0	25	2.27206	
36317	3299	0	0	24	2.27212	
36347.6	3301	0	0	24	2.27049	
36405.7	3307	0	0	25	2.26687	
36692.7	3333	0	0	25	2.25795	
36717	3335	0	0	26	2.25646	
36838.1	3347	0	0	27	2.24904	
36843.1	3348	0	0	27	2.24881	
36864	3350	0	0	26	2.25987	
36886.7	3351	0	0	25	2.26306	
36929.6	3353	0	0	25	2.26671	
36955.1	3353	0	0	25	2.26515	
36970.2	3353	0	0	24	2.26641	
36974.3	3353	0	0	24	2.26616	
37024.7	3359	0	0	25	2.26307	
37041.3	3362	0	0	25	2.26206	
37047.7	3363	0	0	25	2.26181	
37092.2	3369	0	0	25	2.2591	
37112.9	3373	0	0	25	2.25784	
37119.1	3373	0	0	25	2.25746	
37137.2	3374	0	0	25	2.25636	
37219.6	3384	0	0	25	2.25137	
37248.5	3388	0	0	25	2.24962	
37253.6	3389	0	0	25	2.2494	
37336.3	3390	0	0	25	2.24441	
37398.9	3394	0	0	25	2.24065	
37411.6	3394	0	0	25	2.23989	
37438.7	3397	0	0	25	2.23828	
37452.7	3399	0	0	26	2.23744	
37462	3399	0	0	26	2.23688	
37467.9	3399	0	0	25	2.24944	
37586.6	3410	0	0	25	2.24233	
37597.7	3412	0	0	25	2.24167	
37656.9	3416	0	0	25	2.23967	
37693.4	3420	0	0	25	2.23836	
37706.9	3421	0	0	25	2.23756	
37865.1	3433	0	0	25	2.22821	
37873	3434	0	0	25	2.22775	
37888	3438	0	0	26	2.22687	
37923.6	3443	0	0	27	2.22478	
37950.5	3444	0	0	26	2.23665	
38024.3	3448	0	0	26	2.23231	
38097.5	3457	0	0	27	2.22802	
38117	3460	0	0	27	2.22894	
38128.1	3463	0	0	28	2.22829	
38168	3465	0	0	27	2.23312	
38221.7	3474	0	0	27	2.23138	
38270.3	3481	0	0	27	2.23303	
38301.4	3484	0	0	27	2.23601	
38367.7	3491	0	0	27	2.245	
38371.1	3491	0	0	26	2.24833	
38418.3	3496	0	0	26	2.24557	
38446.1	3501	0	0	27	2.24395	
38462.9	3503	0	0	26	2.24402	
38477.6	3506	0	0	25	2.24842	
38518.2	3509	0	0	26	2.24605	
38519.6	3509	0	0	25	2.24696	
38647.9	3523	0	0	27	2.2395	
38711.8	3530	0	0	26	2.2406	
38735.4	3532	0	0	25	2.25034	
38744.4	3535	0	0	25	2.25003	
38783.2	3538	0	0	25	2.24778	
38818	3542	0	0	25	2.24576	
38838.2	3547	0	0	25	2.2446	
38877.6	3547	0	0	25	2.24232	
38941.9	3554	0	0	25	2.24946	
38967.8	3556	0	0	25	2.24797	
38972.3	3557	0	0	26	2.2477	
39009.2	3562	0	0	27	2.24558	
39163.7	3570	0	0	26	2.24169	
39180.8	3571	0	0	25	2.24602	
39184.1	3571	0	0	25	2.24583	
39210.4	3573	0	0	25	2.24433	
39248	3576	0	0	26	2.24217	
39273.3	3579	0	0	26	2.24073	
39285.6	3580	0	0	26	2.24003	
39303.7	3580	0	0	26	2.239	
39347.6	3584	0	0	27	2.2365	
39355.5	3584	0	0	27	2.23605	
39463.9	3599	0	0	27	2.23265	
39493.5	3602	0	0	26	2.24655	
39511.8	3603	0	0	26	2.24551	
39527.4	3604	0	0	26	2.24462	
39528.6	3604	0	0	26	2.24455	
39531.8	3604	0	0	25	2.25225	
39544.1	3606	0	0	25	2.25184	
39640.9	3616	0	0	24	2.25474	
39646.6	3616	0	0	24	2.25442	
39679.3	3617	0	0	24	2.25256	
39737.4	3624	0	0	25	2.24926	
39744.1	3624	0	0	25	2.24889	
39768.1	3629	0	0	25	2.24753	
39782.6	3629	0	0	24	2.24926	
39883.9	3639	0	0	24	2.2459	
39893.9	3639	0	0	24	2.24534	
40008.6	3651	0	0	25	2.2389	
40220.3	3674	0	0	25	2.23518	
40231.4	3677	0	0	26	2.23456	
40255.3	3680	0	0	26	2.23323	
40286.6	3684	0	0	27	2.2315	
40299.5	3684	0	0	26	2.2318	
40371.9	3688	0	0	27	2.2278	
40383.9	3688	0	0	26	2.23117	
40475.3	3698	0	0	27	2.22613	
40484.3	3700	0	0	26	2.23726	
40511.6	3703	0	0	26	2.23575	
40598	3712	0	0	25	2.2383	
40616.4	3712	0	0	24	2.24301	
40621.6	3712	0	0	24	2.24272	
40689.8	3721	0	0	25	2.23896	
40710.1	3721	0	0	25	2.23784	
40749.4	3726	0	0	26	2.23569	
40804.1	3729	0	0	25	2.23499	
40859.9	3737	0	0	26	2.23193	
40879.3	3738	0	0	26	2.23087	
40957.5	3745	0	0	27	2.22661	
40975.5	3747	0	0	27	2.22796	
40999.9	3749	0	0	26	2.22748	
41001.4	3750	0	0	27	2.2274	
41015.6	3750	0	0	26	2.2316	
41052.9	3753	0	0	26	2.22958	
41086.1	3756	0	0	25	2.23896	
41127.7	3762	0	0	25	2.23669	
41128.9	3763	0	0	26	2.23663	
41153.6	3764	0	0	26	2.23529	
41190.3	3766	0	0	26	2.23329	
41208.4	3768	0	0	25	2.23736	
41213.4	3768	0	0	25	2.23709	
41349.7	3785	0	0	25	2.23507	
41363.2	3785	0	0	25	2.23434	
41370.3	3785	0	0	25	2.23396	
41397.2	3789	0	0	26	2.23251	
41403.4	3789	0	0	26	2.23217	
41432.3	3793	0	0	27	2.23061	
41597	3802	0	0	27	2.22178	
41726.2	3812	0	0	27	2.22259	
41741.9	3813	0	0	26	2.22516	
41745.7	3814	0	0	26	2.22496	
41746.2	3814	0	0	25	2.23752	
41823.8	3819	0	0	25	2.23336	
41831.7	3822	0	0	25	2.23294	
42004.7	3843	0	0	25	2.22375	
42039.9	3847	0	0	25	2.22189	
42056.3	3849	0	0	26	2.22102	
42064.7	3850	0	0	27	2.22058	
42077.6	3852	0	0	27	2.2199	
42169.2	3859	0	0	27	2.21805	
42226	3863	0	0	26	2.21905	
42237.4	3865	0	0	27	2.21845	
42304.5	3872	0	0	26	2.22023	
42389.1	3878	0	0	26	2.2158	
42416.4	3881	0	0	25	2.21878	
42437	3883	0	0	24	2.24277	
42450.6	3883	0	0	24	2.24206	
42459.8	3885	0	0	24	2.24157	
42507.1	3888	0	0	24	2.23908	
42521.6	3889	0	0	24	2.23831	
42618.1	3900	0	0	24	2.23325	
42704.7	3905	0	0	24	2.22872	
42741.5	3905	0	0	24	2.2268	
42744.1	3905	0	0	24	2.22666	
42814.1	3916	0	0	24	2.22302	
42826.2	3918	0	0	24	2.22239	
42827.5	3919	0	0	25	2.22232	
42851	3923	0	0	25	2.22111	
42859.7	3925	0	0	26	2.22066	
42878.1	3931	0	0	26	2.22026	
42880.6	3931	0	0	26	2.22013	
42936.6	3937	0	0	26	2.21978	
42966.1	3940	0	0	26	2.22062	
42984.1	3942	0	0	25	2.22079	
43022.7	3946	0	0	25	2.21879	
43066.7	3952	0	0	25	2.21745	
43123.7	3956	0	0	25	2.21452	
43192.7	3966	0	0	25	2.21098	
43227.3	3968	0	0	25	2.20921	
43287.1	3972	0	0	26	2.20616	
43407.3	3983	0	0	26	2.20005	
43424.8	3984	0	0	26	2.19916	
43456.7	3985	0	0	26	2.19755	
43507	3995	0	0	25	2.20915	
43538.1	3996	0	0	25	2.20757	
43554.6	3999	0	0	26	2.20673	
43584.6	4002	0	0	26	2.20522	
43616.4	4004	0	0	26	2.21245	
43620.8	4004	0	0	25	2.2139	
43676.8	4010	0	0	25	2.21211	
43731.5	4014	0	0	24	2.21265	
43732.4	4014	0	0	24	2.2126	
43804.5	4022	0	0	25	2.20895	
43870.7	4027	0	0	25	2.20562	
43881.9	4027	0	0	25	2.20506	
43887.3	4027	0	0	25	2.20479	
43926	4034	0	0	26	2.20284	
43948.7	4039	0	0	26	2.20311	
43982	4043	0	0	27	2.20143	
44024.9	4045	0	0	27	2.20592	
44061.8	4048	0	0	26	2.20555	
44065.5	4049	0	0	26	2.2054	
44167.8	4055	0	0	26	2.2003	
44211.6	4057	0	0	26	2.19812	
44221.2	4059	0	0	26	2.19782	
44252.1	4061	0	0	27	2.19629	
44282.8	4064	0	0	26	2.20281	
44296.7	4066	0	0	25	2.20994	
44348.4	4072	0	0	24	2.21006	
44366.9	4072	0	0	24	2.20913	
44413.1	4073	0	0	24	2.20683	
44638.2	4090	0	0	24	2.2005	
44649.5	4090	0	0	24	2.19994	
44650.8	4090	0	0	24	2.19987	
44691.4	4093	0	0	24	2.19788	
44758.7	4097	0	0	24	2.19457	
44768.3	4100	0	0	24	2.1943	
44880.9	4108	0	0	25	2.1888	
44885.1	4108	0	0	25	2.18859	
44906.1	4109	0	0	25	2.18757	
44914.2	4110	0	0	25	2.18718	
44949.8	4113	0	0	25	2.18544	
45035.1	4122	0	0	25	2.18295	
45052.1	4125	0	0	25	2.18246	
45070.8	4128	0	0	24	2.18821	
45090.9	4129	0	0	24	2.18724	
45098	4130	0	0	24	2.18691	
45147.2	4136	0	0	24	2.18452	
45267.4	4146	0	0	24	2.17873	
45288.9	4151	0	0	24	2.17769	
45314.4	4153	0	0	24	2.17646	
45318.2	4153	0	0	24	2.17628	
45439.1	4162	0	0	24	2.17049	
45443	4162	0	0	24	2.17031	
45466.6	4163	0	0	24	2.16918	
45482.3	4165	0	0	24	2.16843	
45557.3	4167	0	0	24	2.16486	
45570.3	4168	0	0	24	2.16434	
45627.5	4173	0	0	24	2.16162	
45666.8	4176	0	0	24	2.15976	
45680.4	4176	0	0	24	2.15912	
45688.4	4176	0	0	24	2.15874	
45704.5	4176	0	0	24	2.15798	
45855.9	4185	0	0	24	2.15086	
45863	4186	0	0	24	2.15052	
45903.4	4187	0	0	24	2.14863	
45904.5	4187	0	0	24	2.14858	
45906.9	4187	0	0	24	2.14846	
46031.4	4194	0	0	24	2.14265	
46031.5	4194	0	0	24	2.14265	
46101.4	4196	0	0	24	2.1394	
46226	4213	0	0	24	2.13363	
46308.2	4222	0	0	25	2.12985	
46349.2	4224	0	0	26	2.12796	
46377.1	4226	0	0	26	2.12668	
46414.4	4232	0	0	25	2.12721	
46428.8	4232	0	0	25	2.12655	
46447.2	4235	0	0	26	2.12571	
46502.2	4238	0	0	26	2.12319	
46539.5	4238	0	0	26	2.1215	
46578.1	4242	0	0	26	2.12293	
46590.9	4244	0	0	26	2.12262	
46593.9	4244	0	0	25	2.12347	
46631.8	4246	0	0	25	2.12174	
46823.4	4273	0	0	25	2.11306	
46899.4	4280	0	0	24	2.12394	
46905.7	4281	0	0	24	2.12371	
47033.3	4292	0	0	24	2.11796	
47057.1	4293	0	0	24	2.11688	
47072.1	4294	0	0	25	2.11621	
47133.2	4305	0	0	25	2.11507	
47279.2	4318	0	0	25	2.10854	
47285.2	4318	0	0	25	2.10827	
47479.4	4337	0	0	26	2.09965	
47490.4	4338	0	0	26	2.09916	
47490.5	4338	0	0	25	2.10344	
47512.4	4338	0	0	25	2.10248	
47592.9	4346	0	0	24	2.10975	
47696	4358	0	0	24	2.10519	
47739.8	4362	0	0	24	2.10326	
47821.9	4367	0	0	24	2.09965	
47838.9	4368	0	0	24	2.0989	
47858.2	4369	0	0	25	2.09806	
47923.6	4372	0	0	25	2.09687	
47928.5	4373	0	0	26	2.09666	
48024.2	4385	0	0	25	2.09588	
48042.3	4386	0	0	25	2.09508	
48086.8	4396	0	0	24	2.0965	
48088.1	4396	0	0	24	2.09644	
48120.6	4397	0	0	25	2.09502	
48162	4402	0	0	25	2.09323	
48263.3	4412	0	0	26	2.08883	
48318.8	4417	0	0	26	2.08643	
48395.8	4421	0	0	27	2.08311	
48459.7	4425	0	0	27	2.08746	
48485.6	4428	0	0	27	2.08634	
48603.7	4439	0	0	27	2.08127	
48696.2	4448	0	0	26	2.0882	
48699.6	4449	0	0	26	2.08805	
48717.9	4452	0	0	25	2.09385	
48751	4454	0	0	26	2.09243	
48774.5	4459	0	0	25	2.10063	
48858.8	4470	0	0	25	2.09973	
48868.1	4470	0	0	25	2.09933	
48895.8	4471	0	0	25	2.09814	
48949.8	4477	0	0	26	2.09582	
48951.1	4477	0	0	25	2.09676	
48988.8	4479	0	0	26	2.09515	
49034	4480	0	0	26	2.09321	
49074.6	4482	0	0	26	2.09148	
49083.9	4483	0	0	27	2.09109	
49094.7	4484	0	0	27	2.09062	
49183.5	4489	0	0	28	2.08685	
49185.1	4489	0	0	27	2.09512	
49189.7	4489	0	0	26	2.09683	
49228	4489	0	0	26	2.0952	
49256.4	4490	0	0	26	2.09399	
49285.4	4490	0	0	25	2.09697	
49301.6	4490	0	0	24	2.10321	
49338.5	4493	0	0	25	2.10164	
49357.1	4494	0	0	26	2.10085	
49358.9	4494	0	0	25	2.10192	
49432.8	4501	0	0	27	2.09878	
49436.1	4501	0	0	27	2.09864	
49492.8	4504	0	0	26	2.0989	
49530.2	4505	0	0	25	2.10117	
49553.7	4509	0	0	25	2.10406	
49555.7	4509	0	0	25	2.10397	
49559.4	4509	0	0	25	2.10381	
49579.2	4509	0	0	24	2.10395	
49727	4523	0	0	24	2.09769	
49733.2	4524	0	0	25	2.09743	
49792.1	4532	0	0	26	2.09495	
49819.1	4533	0	0	26	2.09555	
49820.3	4533	0	0	26	2.0955	
49836.5	4535	0	0	27	2.09482	
49997.9	4547	0	0	27	2.09331	
50053.4	4557	0	0	27	2.09099	
50079.3	4559	0	0	27	2.08991	
50112.9	4564	0	0	27	2.0885	
50123.7	4567	0	0	27	2.09411	
50164	4571	0	0	27	2.09243	
50206	4575	0	0	27	2.09148	
50241.1	4581	0	0	27	2.09002	
50341.4	4590	0	0	27	2.08585	
50341.7	4590	0	0	27	2.08584	
50355.8	4590	0	0	26	2.09607	
50396.1	4594	0	0	26	2.0944	
50412.4	4595	0	0	27	2.09372	
50416.8	4595	0	0	26	2.105	
50456.5	4596	0	0	27	2.10334	
50588.7	4611	0	0	27	2.10045	
50623.6	4618	0	0	26	2.10285	
50624.2	4618	0	0	26	2.10283	
50638.2	4619	0	0	27	2.10224	
50652.3	4620	0	0	27	2.10166	
50689.6	4625	0	0	27	2.11145	
50729.3	4631	0	0	26	2.11607	
50758.5	4632	0	0	25	2.11734	
50791	4638	0	0	25	2.11659	
50863.9	4643	0	0	25	2.11356	
51074.9	4657	0	0	25	2.10483	
51083.7	4657	0	0	25	2.10446	
51099.2	4658	0	0	26	2.10383	
51151.4	4663	0	0	27	2.10168	
51153.3	4663	0	0	26	2.10264	
51303.1	4679	0	0	26	2.1007	
51407.4	4692	0	0	26	2.09644	
51431	4698	0	0	27	2.09548	
51469.4	4701	0	0	27	2.09392	
51521.9	4702	0	0	26	2.10862	
51580.2	4708	0	0	25	2.10955	
51622.1	4712	0	0	25	2.10857	
51736.5	4725	0	0	26	2.10391	
51790.4	4730	0	0	25	2.10487	
51805	4731	0	0	25	2.10428	
51867.9	4737	0	0	26	2.10173	
51891.4	4741	0	0	26	2.11485	
51951.3	4745	0	0	26	2.11402	
51958.8	4746	0	0	27	2.11371	
51961.6	4746	0	0	26	2.11493	
52041.9	4752	0	0	25	2.11338	
52061	4753	0	0	25	2.1174	
52065	4753	0	0	25	2.11723	
52112.4	4757	0	0	25	2.11617	
52181.3	4765	0	0	25	2.11337	
52235	4767	0	0	25	2.1112	
52267.2	4769	0	0	25	2.1142	
52283.3	4770	0	0	25	2.11355	
52336.6	4779	0	0	25	2.1114	
52344.5	4780	0	0	25	2.11108	
52391.3	4787	0	0	25	2.1092	
52428.3	4792	0	0	25	2.10771	
52443.9	4793	0	0	25	2.10708	
52477.4	4799	0	0	25	2.10573	
52501.5	4800	0	0	26	2.10477	
52529.8	4803	0	0	26	2.10364	
52566.5	4805	0	0	27	2.10217	
52649.3	4812	0	0	27	2.09886	
52652.9	4812	0	0	26	2.1009	
52673	4814	0	0	26	2.1001	
52685	4815	0	0	26	2.09984	
52693.9	4815	0	0	25	2.10356	
52721.7	4817	0	0	24	2.11149	
52796.3	4823	0	0	24	2.10851	
52802.5	4823	0	0	24	2.10826	
52842	4825	0	0	25	2.10669	
52851.4	4828	0	0	26	2.10631	
52920.4	4833	0	0	26	2.10577	
52930.5	4833	0	0	26	2.10537	
52956.6	4836	0	0	26	2.10643	
52980.9	4836	0	0	26	2.10546	
52992.8	4836	0	0	26	2.10499	
53066.3	4848	0	0	26	2.10208	
53091.7	4853	0	0	25	2.10402	
53152.7	4857	0	0	25	2.10161	
53173.2	4858	0	0	25	2.1008	
53189.5	4859	0	0	25	2.10015	
53214.4	4861	0	0	25	2.10599	
53293.9	4869	0	0	24	2.10472	
53308.4	4869	0	0	24	2.10415	
53353.1	4872	0	0	24	2.10238	
53381.7	4877	0	0	24	2.10126	
53384.4	4877	0	0	24	2.10115	
53407.9	4878	0	0	24	2.10023	
53433.1	4879	0	0	24	2.09924	
53449.7	4881	0	0	24	2.09858	
53530.2	4888	0	0	24	2.09543	
53542.7	4889	0	0	25	2.09494	
53544.5	4889	0	0	25	2.09487	
53586.2	4893	0	0	25	2.09324	
53602.5	4897	0	0	25	2.0926	
53634.6	4899	0	0	25	2.09135	
53653.7	4900	0	0	24	2.09287	
53747	4905	0	0	24	2.08924	
53779.7	4909	0	0	25	2.08796	
53781.3	4909	0	0	25	2.0879	
53811.7	4912	0	0	25	2.08672	
53856.6	4914	0	0	25	2.08498	
53871.4	4917	0	0	26	2.08441	
53973.6	4928	0	0	26	2.08046	
54012.8	4929	0	0	26	2.07895	
54016.3	4929	0	0	26	2.07882	
54045.2	4934	0	0	26	2.07771	
54136.9	4942	0	0	26	2.07419	
54202.7	4945	0	0	25	2.07803	
54288.4	4955	0	0	25	2.07475	
54309.9	4956	0	0	25	2.07393	
54316.2	4956	0	0	25	2.07369	
54323.6	4958	0	0	25	2.0734	
54330.5	4960	0	0	26	2.07314	
54391.1	4963	0	0	25	2.08259	
54543.3	4973	0	0	25	2.07678	
54562.9	4973	0	0	24	2.0804	
54568	4973	0	0	24	2.08021	
54568.9	4973	0	0	24	2.08018	
54586.2	4975	0	0	24	2.07952	
54615.4	4977	0	0	24	2.0784	
54638.4	4977	0	0	24	2.07753	
54671.1	4984	0	0	24	2.07688	
54693	4987	0	0	24	2.07605	
54697.5	4987	0	0	24	2.07588	
54783.6	4994	0	0	24	2.07262	
54799.5	4997	0	0	25	2.07202	
54829.9	5000	0	0	26	2.07087	
54836.7	5001	0	0	27	2.07061	
54872.7	5003	0	0	26	2.07058	
54875.3	5003	0	0	25	2.07214	
54879.3	5003	0	0	25	2.07199	
54925.6	5006	0	0	26	2.07024	
54939.1	5006	0	0	25	2.07163	
54951.3	5006	0	0	25	2.07117	
54960.6	5008	0	0	26	2.07088	
54973.6	5008	0	0	26	2.07039	
54980.7	5010	0	0	26	2.07012	
55037	5014	0	0	26	2.06801	
55054.4	5015	0	0	25	2.06921	
55104.4	5020	0	0	25	2.06733	
55198.5	5030	0	0	25	2.06381	
55212.8	5033	0	0	26	2.06327	
55229.9	5033	0	0	25	2.06317	
55305	5037	0	0	25	2.06037	
55417.1	5045	0	0	25	2.0562	
55428.2	5049	0	0	26	2.05579	
55448.3	5054	0	0	26	2.05504	
55529.3	5067	0	0	25	2.06347	
55610.6	5078	0	0	25	2.06046	
55630.7	5079	0	0	26	2.05971	
55660.6	5081	0	0	26	2.05861	
55666.9	5082	0	0	26	2.05838	
55685.4	5084	0	0	27	2.05769	
55696	5085	0	0	28	2.0573	
55737.7	5092	0	0	28	2.05651	
55799.5	5104	0	0	27	2.05657	
55817.1	5105	0	0	26	2.063	
55843	5110	0	0	25	2.06472	
55897.7	5115	0	0	25	2.06271	
55962.1	5124	0	0	25	2.06139	
56011.4	5126	0	0	24	2.06669	
56022.4	5128	0	0	24	2.06628	
56052.2	5131	0	0	25	2.06518	
56068.2	5132	0	0	25	2.06459	
56083	5134	0	0	25	2.06404	
56156.7	5142	0	0	26	2.06134	
56171.9	5143	0	0	26	2.06078	
56249.8	5153	0	0	26	2.05792	
56270.4	5155	0	0	25	2.06045	
56278	5156	0	0	26	2.06017	
56408.3	5169	0	0	26	2.06224	
56437.5	5171	0	0	26	2.06118	
56485.1	5174	0	0	25	2.06305	
56570.4	5182	0	0	26	2.05994	
56575	5183	0	0	26	2.06506	
56583.8	5184	0	0	27	2.06474	
56672.7	5202	0	0	27	2.06328	
56681.6	5204	0	0	28	2.06296	
56696.4	5205	0	0	28	2.06433	
56701.2	5205	0	0	28	2.06416	
56708.5	5206	0	0	27	2.06451	
56733.9	5207	0	0	27	2.06449	
56828	5215	0	0	26	2.06704	
56845.7	5218	0	0	26	2.07111	
56877.2	5220	0	0	27	2.06996	
56996.1	5234	0	0	26	2.06859	
57001	5234	0	0	26	2.06841	
57038	5236	0	0	26	2.07016	
57039.8	5236	0	0	25	2.07575	
57118.6	5241	0	0	25	2.07288	
57166.4	5249	0	0	26	2.07115	
57226.2	5255	0	0	26	2.06998	
57327.3	5266	0	0	25	2.07183	
57371.8	5270	0	0	25	2.07022	
57442.9	5278	0	0	25	2.06766	
57526.2	5290	0	0	25	2.06467	
57539.3	5292	0	0	26	2.0642	
57551.9	5295	0	0	26	2.06396	
57584.7	5296	0	0	27	2.06278	
57616.5	5299	0	0	27	2.06165	
57779.4	5316	0	0	27	2.0672	
57789.9	5316	0	0	26	2.0708	
57794.7	5316	0	0	26	2.07063	
57841.6	5321	0	0	27	2.0697	
57846.4	5321	0	0	27	2.06953	
57913.7	5329	0	0	27	2.07381	
58008.1	5336	0	0	26	2.0732	
58042.5	5339	0	0	26	2.07197	
58045	5339	0	0	25	2.07617	
58113.2	5341	0	0	25	2.07374	
58124.7	5341	0	0	25	2.07333	
58141.3	5344	0	0	25	2.07297	
58212.7	5349	0	0	24	2.08065	
58223.9	5350	0	0	25	2.08025	
58258.6	5354	0	0	24	2.07969	
58285.5	5355	0	0	24	2.07873	
58298.4	5357	0	0	25	2.07827	
58363.6	5364	0	0	25	2.07595	
58368	5364	0	0	25	2.07579	
58384.8	5366	0	0	26	2.0752	
58405	5366	0	0	26	2.07448	
58419.3	5371	0	0	26	2.07622	
58422.8	5371	0	0	25	2.07699	
58541.1	5383	0	0	25	2.07279	
58612.4	5392	0	0	25	2.07146	
58613.4	5392	0	0	24	2.07491	
58629.1	5394	0	0	24	2.07435	
58660.7	5397	0	0	24	2.07364	
58762.9	5412	0	0	24	2.07003	
58771.5	5413	0	0	24	2.06973	
58854	5423	0	0	24	2.06683	
58908.5	5431	0	0	24	2.06577	
58913	5432	0	0	25	2.06561	
58938.6	5434	0	0	25	2.06472	
58996.7	5438	0	0	24	2.06413	
59138.4	5446	0	0	24	2.05918	
59229.3	5453	0	0	24	2.05602	
59235.4	5453	0	0	24	2.05581	
59285.1	5458	0	0	25	2.05409	
59296.8	5458	0	0	24	2.05465	
59300.4	5458	0	0	24	2.05453	
59315.3	5459	0	0	24	2.05401	
59341	5461	0	0	24	2.05312	
59357.3	5461	0	0	24	2.05255	
59364.4	5462	0	0	25	2.05231	
59378.7	5462	0	0	25	2.05182	
59391.1	5464	0	0	24	2.05188	
59620.1	5482	0	0	24	2.044	
59699.2	5489	0	0	24	2.04129	
59730.2	5490	0	0	24	2.04023	
59752.2	5491	0	0	24	2.03948	
59769.1	5493	0	0	24	2.0389	
59845.2	5501	0	0	25	2.03631	
59889	5504	0	0	24	2.03675	
59935	5509	0	0	25	2.03519	
59936.7	5510	0	0	25	2.03513	
59987.2	5515	0	0	26	2.03342	
59994.1	5516	0	0	25	2.034	
60069	5524	0	0	25	2.03147	
60102.4	5525	0	0	25	2.03034	
60211.8	5535	0	0	25	2.02665	
60223.3	5535	0	0	25	2.02626	
60235.9	5536	0	0	25	2.02584	
60262.9	5537	0	0	25	2.02493	
60308.7	5542	0	0	25	2.02339	
60315.5	5545	0	0	26	2.02316	
60337.3	5547	0	0	25	2.0229	
60368.3	5549	0	0	25	2.02186	
60433.4	5558	0	0	25	2.01968	
60478.1	5562	0	0	25	2.01819	
60493.1	5565	0	0	26	2.01769	
60505.9	5566	0	0	26	2.01768	
60514	5567	0	0	26	2.01741	
60529.1	5570	0	0	26	2.02746	
60596.1	5573	0	0	26	2.02522	
60608	5575	0	0	26	2.02482	
60712.8	5586	0	0	27	2.02133	
60872	5601	0	0	27	2.0218	
60893.8	5601	0	0	27	2.02107	
60964.5	5608	0	0	27	2.01873	
60970.4	5608	0	0	27	2.01854	
61003.7	5611	0	0	27	2.02219	
61005.4	5612	0	0	27	2.02214	
61039.6	5616	0	0	26	2.02993	
61043.1	5616	0	0	25	2.031	
61085.2	5618	0	0	25	2.0296	
61110.1	5622	0	0	24	2.03686	
61128.4	5623	0	0	25	2.03625	
61202.7	5631	0	0	25	2.03378	
61208.1	5631	0	0	25	2.0336	
61218.1	5631	0	0	25	2.03326	
61244.6	5632	0	0	25	2.03238	
61260.9	5632	0	0	24	2.0343	
61352.1	5637	0	0	25	2.03127	
61361.7	5638	0	0	25	2.03096	
61395.5	5638	0	0	25	2.02984	
61408.1	5640	0	0	25	2.02942	
61409.1	5640	0	0	24	2.0318	
61466.3	5644	0	0	24	2.02991	
61485.3	5644	0	0	24	2.02929	
61485.8	5644	0	0	24	2.02927	
61509.1	5647	0	0	26	2.0285	
61528.9	5647	0	0	26	2.02785	
61541.3	5648	0	0	25	2.0281	
61582	5648	0	0	25	2.02676	
61626.8	5649	0	0	24	2.02738	
61633.3	5650	0	0	24	2.02726	
61679.8	5657	0	0	24	2.02573	
61727.5	5660	0	0	24	2.02416	
61749.8	5660	0	0	24	2.02343	
61762.1	5661	0	0	24	2.02303	
61795	5663	0	0	25	2.02195	
61831.2	5665	0	0	24	2.02162	
61836.1	5665	0	0	24	2.02146	
61872.4	5669	0	0	24	2.02027	
61940.2	5678	0	0	24	2.01914	
61971.4	5682	0	0	24	2.01812	
61973.8	5684	0	0	25	2.01804	
61979.3	5684	0	0	25	2.01786	
61987.6	5684	0	0	25	2.01759	
62106.7	5700	0	0	25	2.01372	
62135.9	5703	0	0	25	2.01278	
62167.1	5706	0	0	25	2.01177	
62178.7	5707	0	0	26	2.01139	
62217.3	5708	0	0	25	2.01409	
62292.6	5713	0	0	25	2.01166	
62337.5	5717	0	0	26	2.01021	
62357.9	5719	0	0	27	2.00955	
62403	5721	0	0	26	2.0118	
62434.6	5723	0	0	27	2.01078	
62463.6	5725	0	0	28	2.00985	
62474.7	5729	0	0	28	2.01058	
62486.2	5730	0	0	27	2.01328	
62513.6	5733	0	0	26	2.01316	
62546.6	5738	0	0	26	2.0121	
62601.2	5742	0	0	26	2.01118	
62623.9	5745	0	0	26	2.01498	
62637.6	5747	0	0	27	2.01454	
62645.1	5748	0	0	27	2.0143	
62730.6	5754	0	0	26	2.01325	
62752.6	5758	0	0	27	2.01255	
62834.3	5761	0	0	27	2.00993	
62841.8	5763	0	0	27	2.0098	
62848.2	5763	0	0	27	2.0096	
62877.4	5764	0	0	27	2.00866	
62906.1	5769	0	0	26	2.01048	
62956.4	5772	0	0	27	2.00888	
62980.5	5775	0	0	26	2.0141	
63049.1	5781	0	0	25	2.02165	
63088.5	5785	0	0	25	2.02039	
63091.5	5785	0	0	24	2.0232	
63111.8	5785	0	0	24	2.02255	
63203.6	5795	0	0	24	2.01961	
63270.5	5801	0	0	24	2.01849	
63281.8	5801	0	0	24	2.01813	
63345.1	5811	0	0	25	2.01611	
63418.8	5817	0	0	25	2.01589	
63436.6	5819	0	0	25	2.01532	
63457.4	5819	0	0	25	2.01466	
63487.1	5823	0	0	26	2.01372	
63501	5824	0	0	27	2.01328	
63516.4	5825	0	0	26	2.01541	
63539.9	5829	0	0	26	2.01466	
63579.5	5833	0	0	26	2.01524	
63600.1	5835	0	0	25	2.01549	
63608.2	5835	0	0	25	2.01523	
63793.2	5850	0	0	26	2.00939	
63878.4	5861	0	0	26	2.01085	
63940.5	5867	0	0	25	2.01596	
63965.8	5868	0	0	24	2.01758	
63987.8	5868	0	0	24	2.01688	
64001.2	5869	0	0	24	2.01646	
64088.6	5878	0	0	24	2.01371	
64150.5	5885	0	0	24	2.01177	
64197.9	5887	0	0	24	2.01028	
64207.5	5888	0	0	25	2.00998	
64242.1	5890	0	0	25	2.0089	
64369	5902	0	0	25	2.00494	
64382.7	5902	0	0	25	2.00451	
64388.7	5902	0	0	25	2.00433	
64392.5	5902	0	0	25	2.00421	
64437.4	5906	0	0	26	2.00281	
64441.1	5906	0	0	25	2.00641	
64456.9	5909	0	0	25	2.00592	
64457.7	5909	0	0	24	2.00689	
64506.5	5916	0	0	24	2.00538	
64532.9	5919	0	0	24	2.00496	
64551.9	5921	0	0	24	2.00437	
64582.4	5927	0	0	24	2.00342	
64601.7	5927	0	0	24	2.00282	
64618.1	5929	0	0	24	2.00232	
64658.8	5931	0	0	25	2.00106	
64687.1	5932	0	0	25	2.00018	
64737.7	5936	0	0	25	1.99862	
64787.2	5940	0	0	25	1.99709	
64796.1	5940	0	0	25	1.99681	
64821.9	5941	0	0	25	1.99632	
64853.5	5945	0	0	25	1.99574	
64857.6	5945	0	0	25	1.99561	
64862.8	5946	0	0	25	1.99548	
64968.8	5960	0	0	26	1.99222	
65063.1	5969	0	0	25	1.99616	
65133.7	5972	0	0	25	1.99399	
65138.6	5973	0	0	26	1.99384	
65161.4	5973	0	0	25	1.99772	
65177.1	5974	0	0	25	1.99724	
65185	5975	0	0	26	1.997	
65260.3	5984	0	0	27	1.99469	
65320	5993	0	0	27	1.99499	
65347.1	5995	0	0	27	1.99742	
65415.1	5997	0	0	26	1.99763	
65424.4	5997	0	0	26	1.99734	
65440.8	5997	0	0	25	2.00074	
65457.5	6000	0	0	25	2.00023	
65457.6	6000	0	0	25	2.00023	
65481.5	6004	0	0	27	1.9995	
65553.5	6007	0	0	27	2.00078	
65559.3	6007	0	0	26	2.00208	
65590.2	6010	0	0	26	2.00272	
65753.6	6022	0	0	26	2.00208	
65806	6023	0	0	25	2.00342	
65807.8	6023	0	0	25	2.00336	
65839.5	6026	0	0	25	2.0024	
65866.3	6030	0	0	24	2.00623	
65905.8	6032	0	0	24	2.00503	
65950.5	6034	0	0	24	2.00367	
65984	6036	0	0	24	2.00265	
65990.6	6037	0	0	24	2.00245	
66010.3	6038	0	0	24	2.00185	
66013.5	6039	0	0	25	2.00176	
66041.2	6040	0	0	25	2.00092	
66105	6045	0	0	25	2.00039	
66111.4	6045	0	0	25	2.0002	
66149.8	6046	0	0	26	1.99904	
66167.6	6046	0	0	26	1.9985	
66209.1	6051	0	0	26	1.99725	
66254.5	6052	0	0	25	1.99789	
66255.7	6052	0	0	24	2.00093	
66257.4	6052	0	0	24	2.00088	
66270.8	6054	0	0	24	2.00048	
66313.4	6056	0	0	24	1.99919	
66328.3	6058	0	0	24	1.99874	
66329.9	6058	0	0	24	1.99869	
66365.9	6064	0	0	25	1.99761	
66418.9	6066	0	0	25	1.99601	
66472.8	6076	0	0	25	1.99651	
66486.9	6077	0	0	26	1.99609	
66505.9	6079	0	0	25	1.99682	
66521.7	6081	0	0	25	1.99635	
66524.2	6081	0	0	25	1.99627	
66613.2	6089	0	0	25	1.99361	
66621	6090	0	0	26	1.99337	
66652.4	6090	0	0	26	1.99243	
66691.8	6096	0	0	26	1.99169	
66735.4	6103	0	0	26	1.99432	
66737.9	6104	0	0	26	1.99483	
66740.5	6105	0	0	26	1.99482	
66761	6106	0	0	25	1.99455	
66805	6110	0	0	25	1.99605	
66811.3	6111	0	0	26	1.99586	
66838.1	6113	0	0	26	1.99619	
66880.3	6117	0	0	27	1.99493	
66937.8	6121	0	0	26	1.99503	
67022.6	6135	0	0	26	1.99572	
67037.9	6137	0	0	26	1.99549	
67073.5	6140	0	0	25	1.9964	
67151.3	6145	0	0	25	1.99409	
67165.5	6146	0	0	25	1.99366	
67229.9	6153	0	0	25	1.99758	
67260.8	6153	0	0	25	1.99666	
67293.9	6155	0	0	25	1.99568	
67319.3	6157	0	0	26	1.99493	
67345.3	6159	0	0	27	1.99416	
67346.2	6159	0	0	26	1.99446	
67409.5	6160	0	0	26	1.99618	
67447.6	6164	0	0	26	1.99505	
67471.7	6165	0	0	27	1.99434	
67473.6	6166	0	0	28	1.99429	
67664.8	6189	0	0	27	1.99156	
67682.2	6189	0	0	27	1.99105	
67796.1	6199	0	0	27	1.9877	
67843.1	6205	0	0	26	1.99178	
67858.7	6205	0	0	26	1.99132	
67861.2	6206	0	0	27	1.99125	
67905	6212	0	0	26	1.99889	
67943.9	6217	0	0	25	2.0064	
67948.5	6217	0	0	25	2.00627	
67972.9	6220	0	0	25	2.00555	
68016.7	6222	0	0	25	2.00426	
68030.6	6223	0	0	25	2.00385	
68039.8	6225	0	0	26	2.00358	
68100.7	6231	0	0	27	2.00179	
68175	6234	0	0	26	2.00171	
68197.7	6238	0	0	26	2.00104	
68234.8	6243	0	0	26	2.00266	
68238.8	6243	0	0	26	2.00254	
68404.8	6263	0	0	26	2.00565	
68442.7	6270	0	0	27	2.00455	
68456.6	6273	0	0	26	2.00484	
68470.6	6273	0	0	26	2.00443	
68507	6275	0	0	26	2.00337	
68546.1	6283	0	0	27	2.00222	
68579.2	6286	0	0	26	2.00231	
68585.9	6286	0	0	26	2.00211	
68653.5	6294	0	0	26	2.00676	
68664.3	6294	0	0	26	2.00644	
68673	6294	0	0	26	2.00619	
68699.5	6296	0	0	26	2.00541	
68757.3	6302	0	0	26	2.0111	
68808.1	6305	0	0	26	2.00961	
68818.1	6306	0	0	26	2.01267	
68866.7	6309	0	0	26	2.0136	
68876.4	6309	0	0	26	2.01332	
68899.5	6313	0	0	26	2.01265	
68926.5	6314	0	0	26	2.01186	
68941.6	6314	0	0	25	2.01326	
69007.8	6320	0	0	25	2.01133	
69022.8	6322	0	0	25	2.0109	
69053.7	6324	0	0	25	2.00999	
69065.1	6325	0	0	26	2.00966	
69100	6329	0	0	26	2.01244	
69115.3	6330	0	0	25	2.01263	
69151.8	6335	0	0	24	2.01295	
69176	6339	0	0	25	2.01225	
69327.3	6354	0	0	25	2.00786	
69345.5	6356	0	0	24	2.01003	
69377.7	6362	0	0	24	2.0091	
69412.6	6367	0	0	24	2.00809	
69540.4	6371	0	0	24	2.00439	
69547.4	6371	0	0	24	2.00419	
69553	6372	0	0	25	2.00403	
69580.5	6373	0	0	26	2.00324	
69622.1	6377	0	0	26	2.00204	
69623.4	6377	0	0	25	2.00308	
69876.2	6405	0	0	24	2.00044	
69894	6406	0	0	25	1.99993	
69952.7	6411	0	0	25	1.99825	
70004.7	6415	0	0	25	1.99676	
70024.7	6415	0	0	25	1.99619	
70067.9	6418	0	0	25	1.99496	
70127	6424	0	0	25	1.99676	
70171.3	6428	0	0	25	1.9955	
70188.2	6428	0	0	25	1.99502	
70213.2	6429	0	0	26	1.99431	
70214.4	6429	0	0	26	1.99428	
70252.7	6431	0	0	27	1.99319	
70265.7	6431	0	0	26	1.9935	
70377.3	6436	0	0	25	1.99302	
70404.4	6436	0	0	25	1.99225	
70538.1	6447	0	0	25	1.98848	
70597.6	6459	0	0	25	1.99427	
70598.3	6459	0	0	24	1.99504	
70695.2	6469	0	0	24	1.99367	
70709.8	6471	0	0	24	1.99326	
70733.5	6475	0	0	24	1.99259	
70776.6	6481	0	0	25	1.99137	
70796.1	6483	0	0	25	1.99083	
70803.8	6483	0	0	25	1.99061	
70822.6	6483	0	0	25	1.99008	
70855.1	6485	0	0	25	1.98917	
70869	6485	0	0	25	1.98878	
70881.3	6488	0	0	26	1.98843	
70900	6488	0	0	26	1.98791	
70928.5	6489	0	0	25	1.98791	
70932.1	6489	0	0	24	1.99058	
70937.8	6489	0	0	24	1.99042	
70975.1	6489	0	0	24	1.98938	
71012.4	6492	0	0	24	1.98833	
71040.7	6494	0	0	24	1.98754	
71057.8	6495	0	0	25	1.98706	
71162.6	6503	0	0	24	1.98578	
71186.4	6504	0	0	25	1.98512	
71188.7	6504	0	0	25	1.98506	
71189.4	6504	0	0	25	1.98504	
71243.8	6512	0	0	26	1.98352	
71265.6	6513	0	0	26	1.98291	
71278.7	6514	0	0	26	1.98405	
71300	6518	0	0	26	1.9849	
71328.4	6524	0	0	25	1.98495	
71352.8	6526	0	0	26	1.98427	
71368.2	6528	0	0	25	1.9844	
71396.2	6529	0	0	25	1.98362	
71416.7	6530	0	0	26	1.98305	
71426.5	6532	0	0	26	1.98278	
71475.4	6534	0	0	25	1.98416	
71491.1	6534	0	0	25	1.98372	
71627.7	6546	0	0	25	1.98182	
71631.9	6546	0	0	25	1.9817	
71652.4	6547	0	0	24	1.98461	
71668.5	6549	0	0	24	1.98416	
71743.1	6558	0	0	25	1.9821	
71769.9	6559	0	0	25	1.98136	
71780.4	6559	0	0	25	1.98107	
71786.1	6559	0	0	25	1.98091	
71806.8	6559	0	0	24	1.98225	
71815.8	6559	0	0	24	1.982	
71858.1	6561	0	0	24	1.98083	
71879.4	6561	0	0	24	1.98025	
71953.1	6566	0	0	24	1.97822	
71974.8	6569	0	0	24	1.97788	
71995.8	6569	0	0	24	1.9773	
72017.4	6569	0	0	24	1.97671	
72025.3	6569	0	0	24	1.97649	
72042.1	6569	0	0	24	1.97603	
72053.4	6570	0	0	24	1.97585	
72059.3	6571	0	0	24	1.97569	
72142.5	6577	0	0	24	1.97341	
72175	6578	0	0	24	1.97252	
72223.4	6579	0	0	24	1.9712	
72223.6	6579	0	0	24	1.97119	
72290.2	6585	0	0	24	1.96938	
72302.2	6587	0	0	24	1.96905	
72340.9	6587	0	0	24	1.968	
72365.3	6588	0	0	24	1.96733	
72365.9	6588	0	0	24	1.96732	
72370.4	6588	0	0	24	1.9672	
72381	6588	0	0	24	1.96691	
72398.3	6590	0	0	26	1.96644	
72438.2	6590	0	0	26	1.96535	
72464.2	6593	0	0	27	1.96465	
72505.7	6594	0	0	27	1.96353	
72516.6	6595	0	0	27	1.96323	
72555.3	6601	0	0	27	1.96271	
72562	6601	0	0	26	1.96489	
72604.7	6606	0	0	25	1.96674	
72618.3	6608	0	0	25	1.96875	
72620.6	6608	0	0	25	1.96869	
72695	6613	0	0	25	1.96668	
72695.5	6613	0	0	25	1.96666	
72738.6	6616	0	0	25	1.9655	
72782.4	6620	0	0	25	1.96675	
72791.3	6620	0	0	25	1.96651	
72806.4	6624	0	0	25	1.9661	
72823.6	6625	0	0	26	1.96564	
72854	6626	0	0	26	1.96482	
72854.8	6626	0	0	26	1.9648	
72963.9	6640	0	0	27	1.96186	
73020.3	6642	0	0	27	1.96035	
73023.7	6642	0	0	26	1.96253	
73040.2	6644	0	0	25	1.96606	
73060.7	6646	0	0	25	1.96551	
73171.6	6659	0	0	25	1.96253	
73177.9	6660	0	0	26	1.96236	
73184.2	6660	0	0	26	1.96219	
73232.9	6664	0	0	27	1.96089	
73264.5	6665	0	0	26	1.96131	
73277.2	6667	0	0	26	1.96097	
73286.3	6668	0	0	27	1.96073	
73378.3	6677	0	0	27	1.95827	
73378.9	6677	0	0	27	1.95825	
73392.8	6677	0	0	26	1.9607	
73416.7	6681	0	0	27	1.96006	
73432	6681	0	0	27	1.95965	
73473.1	6686	0	0	27	1.95856	
73543.4	6690	0	0	27	1.95669	
73634.7	6694	0	0	26	1.96544	
73643.2	6694	0	0	25	1.96855	
73678.5	6697	0	0	25	1.96761	
73792.1	6705	0	0	24	1.97146	
73821.5	6709	0	0	24	1.97067	
73861.9	6715	0	0	25	1.9696	
73862.3	6715	0	0	24	1.97	
73880	6715	0	0	24	1.96953	
73890.6	6715	0	0	24	1.96924	
74008.9	6721	0	0	24	1.9661	
74010.6	6721	0	0	24	1.96605	
74038.4	6730	0	0	26	1.96532	
74048.6	6733	0	0	27	1.96505	
74119.5	6737	0	0	26	1.96463	
74125.4	6738	0	0	26	1.96455	
74143.2	6740	0	0	25	1.96585	
74146.7	6740	0	0	25	1.96575	
74175.3	6742	0	0	25	1.96499	
74218.8	6744	0	0	24	1.96624	
74242.9	6746	0	0	25	1.96561	
74307.4	6754	0	0	24	1.96498	
74428.1	6770	0	0	24	1.96341	
74431.9	6770	0	0	24	1.96331	
74484.6	6776	0	0	24	1.96227	
74611.3	6785	0	0	25	1.95893	
74633.1	6788	0	0	25	1.95836	
74671.9	6788	0	0	25	1.95734	
74706.8	6793	0	0	25	1.95901	
74729.1	6795	0	0	25	1.95842	
74857.4	6808	0	0	25	1.95506	
74859.2	6808	0	0	24	1.95751	
74866.5	6809	0	0	25	1.95732	
74953.1	6815	0	0	25	1.95506	
75043.6	6822	0	0	25	1.9527	
75083.4	6828	0	0	25	1.95166	
75093.5	6829	0	0	25	1.9514	
75102.7	6830	0	0	26	1.95116	
75167.9	6840	0	0	27	1.94947	
75181.2	6840	0	0	26	1.95338	
75214	6841	0	0	25	1.95411	
75299.6	6851	0	0	25	1.95189	
75319.9	6852	0	0	26	1.95136	
75344.9	6856	0	0	27	1.95072	
75377.2	6858	0	0	27	1.94988	
75384.7	6859	0	0	26	1.95342	
75385.6	6859	0	0	26	1.9534	
75400.5	6862	0	0	27	1.95301	
75415.3	6864	0	0	27	1.95386	
75480.6	6875	0	0	26	1.95343	
75535.2	6880	0	0	26	1.95268	
75626	6885	0	0	26	1.95138	
75730.4	6893	0	0	26	1.94869	
75774.7	6896	0	0	26	1.95374	
75793.9	6899	0	0	26	1.95385	
75798	6899	0	0	26	1.95375	
75961.1	6918	0	0	26	1.95167	
75971.2	6918	0	0	26	1.95141	
76044.8	6926	0	0	27	1.94952	
76049.6	6926	0	0	27	1.9494	
76098.4	6936	0	0	27	1.95732	
76233	6945	0	0	26	1.95621	
76235.6	6945	0	0	25	1.95951	
76378.4	6967	0	0	24	1.96373	
76465.7	6973	0	0	24	1.96148	
76510.4	6975	0	0	24	1.96073	
76517.7	6975	0	0	24	1.96054	
76526.6	6976	0	0	24	1.96032	
76536.3	6976	0	0	24	1.96007	
76560.9	6979	0	0	24	1.95944	
76592.2	6981	0	0	24	1.95864	
76593	6981	0	0	24	1.95862	
76594.6	6981	0	0	24	1.95858	
76651	6988	0	0	25	1.95784	
76666.3	6988	0	0	25	1.95745	
76698.6	6988	0	0	25	1.95663	
76760.3	6995	0	0	26	1.95505	
76788.6	6997	0	0	26	1.95433	
76900.2	7005	0	0	26	1.9515	
76945.5	7010	0	0	25	1.95485	
76959.8	7012	0	0	26	1.95449	
76993	7014	0	0	25	1.95747	
77020	7015	0	0	25	1.95678	
77038.4	7016	0	0	26	1.95631	
77064.6	7018	0	0	26	1.95565	
77094.2	7021	0	0	26	1.9549	
77108.2	7024	0	0	26	1.95454	
77174.1	7031	0	0	25	1.95581	
77201.9	7032	0	0	25	1.95511	
77213.4	7035	0	0	25	1.95482	
77261.4	7040	0	0	26	1.95361	
77317.4	7047	0	0	25	1.95602	
77331.4	7048	0	0	24	1.95717	
77358.2	7050	0	0	25	1.95649	
77472.7	7059	0	0	25	1.9536	
77487.1	7059	0	0	25	1.95323	
77519.8	7063	0	0	26	1.95241	
77520.5	7064	0	0	27	1.95239	
77559.9	7068	0	0	27	1.95183	
77593.5	7070	0	0	27	1.95099	
77626.2	7074	0	0	26	1.95192	
77634.1	7074	0	0	25	1.95319	
77641.2	7075	0	0	24	1.957	
77661.2	7077	0	0	24	1.9565	
77674.2	7078	0	0	25	1.95617	
77708.4	7079	0	0	25	1.95531	
77754.1	7081	0	0	25	1.95416	
77778.7	7085	0	0	25	1.95354	
77789.8	7085	0	0	24	1.95491	
77808.9	7086	0	0	24	1.95443	
77868.1	7092	0	0	25	1.95294	
77879.5	7094	0	0	25	1.95266	
77918.2	7098	0	0	25	1.95169	
78022.7	7103	0	0	25	1.95039	
78078.1	7108	0	0	25	1.94901	
78083.8	7108	0	0	25	1.94886	
78118.5	7113	0	0	24	1.95194	
78120.6	7113	0	0	24	1.95189	
78123.3	7113	0	0	24	1.95182	
78155.3	7117	0	0	25	1.95102	
78190.2	7122	0	0	26	1.95015	
78198.5	7124	0	0	27	1.94995	
78211.3	7125	0	0	27	1.94963	
78213.7	7125	0	0	27	1.94957	
78281.5	7134	0	0	28	1.94788	
78317.7	7135	0	0	28	1.94903	
78363.3	7139	0	0	28	1.94979	
78386.1	7141	0	0	28	1.95167	
78423.9	7143	0	0	28	1.95205	
78440.7	7144	0	0	27	1.95566	
78489.2	7146	0	0	26	1.95602	
78561.3	7154	0	0	26	1.95631	
78596.8	7161	0	0	27	1.95542	
78634.5	7167	0	0	27	1.95448	
78647.8	7167	0	0	26	1.95606	
78656.3	7169	0	0	26	1.95698	
78699	7169	0	0	26	1.95592	
78717.3	7169	0	0	26	1.95547	
78754.6	7172	0	0	26	1.95489	
78763	7173	0	0	27	1.95468	
78765.2	7173	0	0	26	1.9607	
78843.8	7179	0	0	25	1.95987	
78938.7	7190	0	0	25	1.95751	
78968.2	7191	0	0	25	1.95698	
78977.8	7191	0	0	25	1.95675	
79020.9	7194	0	0	25	1.95568	
79062.3	7199	0	0	25	1.95465	
79069.1	7200	0	0	26	1.95449	
79110.8	7204	0	0	26	1.95346	
79159.6	7206	0	0	27	1.95225	
79185.6	7209	0	0	26	1.9584	
79203.2	7209	0	0	26	1.95796	
79231.1	7212	0	0	27	1.95727	
79296.4	7214	0	0	26	1.958	
79564.7	7240	0	0	26	1.95766	
79613.6	7243	0	0	26	1.95646	
79697	7249	0	0	26	1.95441	
79723	7251	0	0	26	1.95377	
79788.2	7256	0	0	26	1.95217	
79865.5	7262	0	0	26	1.95029	
79883.2	7263	0	0	26	1.94985	
79890.8	7263	0	0	26	1.94967	
79987.9	7274	0	0	25	1.95701	
80056.5	7280	0	0	26	1.95533	
80057.3	7280	0	0	25	1.96476	
80060.2	7280	0	0	24	1.96559	
80123	7286	0	0	24	1.96405	
80143.8	7287	0	0	24	1.96354	
80184.1	7293	0	0	25	1.96255	
80194.3	7294	0	0	25	1.9623	
80213.1	7295	0	0	25	1.96185	
80288.4	7304	0	0	26	1.96	
80319.8	7306	0	0	25	1.96143	
80339.6	7309	0	0	25	1.96116	
80346.8	7309	0	0	25	1.96098	
80443.7	7318	0	0	27	1.95862	
80474.1	7323	0	0	27	1.95788	
80488.8	7325	0	0	27	1.95925	
80533.7	7327	0	0	27	1.95816	
80544.7	7327	0	0	27	1.95789	
80551.2	7327	0	0	27	1.95773	
80565.2	7328	0	0	26	1.96173	
80648.4	7335	0	0	26	1.95971	
80669.1	7336	0	0	26	1.95921	
80711.3	7339	0	0	26	1.95818	
80745.9	7346	0	0	26	1.95774	
80760.6	7347	0	0	26	1.95738	
80770.2	7347	0	0	25	1.96237	
80800	7349	0	0	25	1.962	
80814.2	7350	0	0	24	1.96584	
80815.9	7350	0	0	24	1.9658	
80881.4	7355	0	0	24	1.96502	
80940.9	7358	0	0	24	1.96357	
80993.6	7361	0	0	24	1.9628	
81068.1	7364	0	0	24	1.96099	
81073.9	7365	0	0	24	1.96085	
81100.3	7367	0	0	24	1.96021	
81224.6	7380	0	0	24	1.95721	
81233.1	7383	0	0	24	1.95707	
81311	7393	0	0	25	1.9552	
81350.1	7396	0	0	25	1.95471	
81403.7	7401	0	0	25	1.95551	
81411.8	7401	0	0	25	1.95532	
81587	7419	0	0	25	1.95112	
81593.9	7419	0	0	24	1.95384	
81622.6	7421	0	0	24	1.95344	
81627.2	7422	0	0	25	1.95333	
81652.2	7424	0	0	24	1.95305	
81696.1	7429	0	0	24	1.952	
81698.4	7429	0	0	24	1.95195	
81708.1	7429	0	0	24	1.95172	
81728.3	7430	0	0	25	1.95124	
81774.2	7432	0	0	26	1.95014	
81788.4	7432	0	0	26	1.9498	
81788.4	7432	0	0	26	1.9498	
81816.7	7437	0	0	27	1.94913	
81823.6	7439	0	0	27	1.949	
81852.2	7440	0	0	28	1.94833	
81874.7	7442	0	0	27	1.94839	
81875.3	7442	0	0	26	1.95016	
81893.9	7443	0	0	27	1.94972	
81907.3	7443	0	0	26	1.94978	
81930.7	7447	0	0	25	1.95094	
82033.8	7457	0	0	25	1.94849	
82035.3	7459	0	0	26	1.94845	
82060.2	7463	0	0	25	1.95215	
82067.7	7464	0	0	25	1.95237	
82073.5	7466	0	0	26	1.95223	
82099.2	7466	0	0	25	1.95197	
82105.2	7466	0	0	25	1.95182	
82119.6	7467	0	0	26	1.95148	
82168.8	7469	0	0	26	1.95031	
82169.5	7469	0	0	26	1.9503	
82189.8	7472	0	0	25	1.95075	
82226.8	7476	0	0	24	1.95188	
82239.9	7476	0	0	24	1.95156	
82269.5	7477	0	0	24	1.95086	
82410.1	7487	0	0	24	1.94753	
82422.5	7491	0	0	25	1.94724	
82445.3	7493	0	0	26	1.9467	
82454.2	7495	0	0	26	1.94649	
82490.6	7495	0	0	25	1.94645	
82591.4	7509	0	0	25	1.94408	
82707.1	7518	0	0	25	1.94136	
82714.9	7521	0	0	25	1.94118	
82751.2	7522	0	0	25	1.94033	
82754	7522	0	0	25	1.94026	
82776.3	7527	0	0	25	1.93974	
82881.2	7538	0	0	26	1.93728	
82918.7	7543	0	0	25	1.94251	
83000	7550	0	0	25	1.94061	
83054.3	7552	0	0	26	1.93934	
83066	7554	0	0	25	1.94248	
83130.3	7563	0	0	25	1.94098	
83223.6	7572	0	0	25	1.93881	
83242.2	7572	0	0	25	1.93837	
83274.9	7576	0	0	25	1.93761	
83280.4	7578	0	0	26	1.93748	
83405.6	7588	0	0	26	1.93457	
83485.4	7592	0	0	26	1.93272	
83550.1	7596	0	0	25	1.93452	
83666.8	7606	0	0	25	1.93182	
83754.7	7609	0	0	25	1.92979	
83790.1	7614	0	0	26	1.92898	
83809.2	7615	0	0	25	1.92915	
83813.8	7616	0	0	26	1.92904	
83814.3	7616	0	0	25	1.92906	
83835.6	7616	0	0	25	1.92857	
83836.3	7617	0	0	26	1.92855	
83840	7617	0	0	25	1.93837	
83847.6	7617	0	0	25	1.93819	
83891.8	7619	0	0	25	1.93717	
83943	7624	0	0	25	1.93649	
83951.2	7624	0	0	24	1.93768	
83972.4	7627	0	0	26	1.93719	
84068.9	7631	0	0	25	1.93625	
84204.8	7639	0	0	25	1.93312	
84225.9	7641	0	0	25	1.93264	
84272	7643	0	0	25	1.93158	
84329.3	7649	0	0	26	1.93027	
84344.2	7651	0	0	27	1.92993	
84422.4	7659	0	0	26	1.92972	
84485.7	7662	0	0	25	1.93449	
84529	7669	0	0	26	1.9335	
84590.9	7676	0	0	26	1.93209	
84600.9	7678	0	0	26	1.93186	
84736.6	7692	0	0	26	1.93034	
84846.2	7698	0	0	26	1.92912	
84856.5	7698	0	0	25	1.9351	
84883.6	7700	0	0	25	1.93448	
84950	7705	0	0	26	1.93297	
84961.8	7705	0	0	25	1.93811	
84974.2	7706	0	0	26	1.93783	
85001.7	7709	0	0	26	1.93721	
85006.1	7710	0	0	26	1.93854	
85160.1	7717	0	0	27	1.93504	
85167.4	7719	0	0	28	1.93487	
85202.5	7723	0	0	28	1.93407	
85230.1	7726	0	0	27	1.9365	
85232.4	7727	0	0	27	1.93904	
85422.9	7746	0	0	26	1.93776	
85424.8	7746	0	0	25	1.94265	
85454.9	7749	0	0	25	1.94197	
85482.9	7751	0	0	26	1.94133	
85483.1	7751	0	0	26	1.94132	
85588.8	7760	0	0	26	1.93893	
85610.4	7763	0	0	27	1.93844	
85621.2	7764	0	0	27	1.94276	
85660.9	7769	0	0	27	1.94245	
85678.9	7770	0	0	27	1.9427	
85738.2	7773	0	0	26	1.94226	
85745.8	7774	0	0	26	1.94209	
85756.6	7775	0	0	26	1.94184	
85812.4	7778	0	0	25	1.94471	
85852.5	7780	0	0	24	1.94687	
85876.5	7781	0	0	24	1.94632	
85975.3	7790	0	0	24	1.94522	
86027.9	7796	0	0	24	1.94403	
86054.7	7798	0	0	24	1.94343	
86069.1	7799	0	0	24	1.9431	
86081	7802	0	0	25	1.94283	
86084.5	7802	0	0	25	1.94276	
86119.8	7806	0	0	25	1.94223	
86171.9	7811	0	0	25	1.94106	
86187.3	7813	0	0	25	1.94071	
86204.7	7816	0	0	25	1.94051	
86211.6	7816	0	0	25	1.94036	
86304.4	7825	0	0	25	1.93827	
86326.7	7827	0	0	25	1.93777	
86367.9	7830	0	0	25	1.93684	
86382	7830	0	0	24	1.94011	
86382.5	7830	0	0	24	1.9401	
